088 160 021 080 041 002 048 087 047 117 177 073 146 226 096 059 230 027 247 124 046 185 122 254 120 132 093 250 123 208 125 114 008 008 239 072 069 254 168 169 208 096 069 241 001 163 225 164 193 018 127 081 254 035 043 050 212 149 255 119 253 029 133 126 
106 229 088 114 082 211 033 032 031 226 150 033 223 175 130 231 067 004 047 210 058 023 193 137 204 094 068 031 166 017 064 235 190 177 176 229 117 158 148 215 114 120 114 004 158 192 170 115 032 205 251 005 077 195 184 069 192 255 140 202 139 120 083 001 
117 101 253 020 118 212 245 000 106 209 008 192 202 166 081 137 022 192 194 244 059 165 217 200 083 065 107 161 118 118 130 253 020 119 234 216 000 065 153 204 161 140 136 143 189 189 040 111 174 087 211 085 152 025 093 152 205 134 182 092 075 234 241 217 
212 122 168 181 058 116 057 250 035 089 066 021 215 247 037 008 131 042 064 114 154 118 079 208 116 173 164 192 087 034 039 118 215 057 055 192 208 020 006 203 208 199 118 151 203 069 006 078 153 152 121 105 247 131 255 043 137 111 231 006 208 096 156 140 
206 062 251 186 150 049 027 244 124 152 083 250 083 150 166 043 189 108 142 041 240 007 218 198 177 061 207 067 145 122 181 075 175 167 034 043 082 103 178 233 010 097 140 235 065 253 074 064 065 015 131 172 086 160 175 151 230 067 083 023 140 203 144 144 
202 250 170 123 057 059 061 216 042 133 210 242 232 182 126 119 147 246 181 254 132 071 228 211 070 190 007 002 239 061 026 056 130 204 224 167 032 030 037 022 032 042 001 140 141 177 172 220 026 173 126 239 080 224 116 176 043 029 158 021 216 231 183 191 
113 073 065 223 232 145 203 138 136 094 235 051 065 073 150 138 185 119 048 063 126 094 130 064 106 058 182 045 189 106 013 248 101 023 027 083 012 241 099 123 234 163 003 252 224 100 150 026 202 044 087 014 048 159 100 009 023 161 020 137 161 225 254 180 
008 112 032 137 148 124 063 115 062 189 048 229 096 008 111 032 063 027 154 191 188 021 238 215 205 120 170 252 189 060 077 204 179 112 110 094 226 167 193 035 019 118 182 213 242 126 162 197 099 080 060 158 182 027 025 239 248 121 227 152 064 094 238 187 
112 112 204 007 094 205 253 196 037 179 018 146 019 086 188 130 178 250 247 073 226 051 038 243 103 214 039 006 090 210 234 005 062 184 108 153 240 115 179 183 146 198 251 043 067 128 114 014 230 175 109 142 001 066 225 247 044 242 206 169 237 188 148 023 
060 200 145 184 009 078 099 066 057 005 195 032 227 010 203 246 051 102 068 137 238 061 116 190 045 058 120 180 025 104 132 032 080 139 137 104 079 238 105 030 242 200 219 144 027 029 127 010 037 070 189 004 121 007 168 208 001 120 239 217 077 234 068 179 
050 243 067 025 166 181 157 221 180 185 187 153 019 016 189 091 103 050 140 103 086 234 217 158 191 212 175 246 061 024 143 253 054 188 180 091 158 043 199 014 014 017 240 180 189 018 026 052 034 244 052 119 008 134 149 125 059 188 142 000 129 037 039 154 
234 112 184 015 076 145 225 126 180 145 060 225 042 128 200 038 037 112 252 131 145 192 134 254 082 125 080 021 002 162 082 022 104 255 250 005 236 177 056 036 090 189 253 155 175 057 046 004 051 075 244 217 114 125 182 027 054 147 108 050 182 051 165 137 
185 136 106 223 226 238 078 237 250 011 067 086 057 150 033 094 073 250 087 025 252 057 174 175 150 201 243 198 174 128 214 005 128 208 226 132 113 053 068 080 073 154 146 079 006 187 107 191 111 009 026 012 048 048 039 122 129 057 143 091 152 178 254 094 
079 166 244 027 225 029 222 046 017 205 157 074 144 167 125 116 114 179 174 249 040 076 194 053 242 129 183 255 192 235 193 222 124 211 064 106 138 172 152 150 007 078 086 157 104 015 180 239 153 121 086 038 011 245 142 142 208 126 110 158 134 044 155 168 
187 242 222 108 099 204 226 081 235 096 237 233 095 079 151 230 250 002 059 128 123 242 172 173 221 243 007 167 156 227 165 238 062 102 169 167 208 169 119 179 009 222 102 116 189 255 060 251 023 152 180 001 017 176 247 091 062 149 155 212 245 073 166 018 
185 217 180 247 109 092 133 121 157 022 086 237 210 111 019 002 096 253 125 138 002 202 206 086 037 059 231 223 091 214 222 175 016 082 253 223 166 252 018 175 039 053 039 038 251 049 128 132 053 012 087 118 131 107 144 232 149 243 172 058 036 051 193 018 
