1 4 6 32
channel    0 - height    0 : 436 1128 1598 1868 2028 2830 2674 916 610 1462 960 1616 1334 1940 1364 1952 1320 748 1214 2662 1542 1460 1708 2560 1430 832 546 542 1776 2852 892 1342 
channel    0 - height    1 : 1040 1000 2286 524 570 1512 274 1788 1710 1070 424 496 1270 2266 2952 1936 2076 2290 396 1568 1442 2324 1016 2056 1914 1758 1682 1726 1462 2160 1632 -98 
channel    0 - height    2 : 620 204 2212 2168 1328 1866 1712 806 1984 1078 3226 1948 2048 364 2040 1400 2768 960 1676 1312 2422 1284 1138 1462 194 676 4042 1632 1542 830 390 1166 
channel    0 - height    3 : 1184 1490 1832 950 1492 918 2932 208 1718 602 680 1536 1280 2438 526 818 1278 1094 1024 1738 574 1708 1086 1330 1800 3122 464 2554 1566 2026 1714 1412 
channel    0 - height    4 : 376 1744 1440 1722 578 1978 2698 630 398 -1396 134 822 2210 1134 876 2796 1886 822 1280 1412 1366 1188 1704 628 788 1790 2246 -216 3348 730 2380 2398 
channel    0 - height    5 :  -8 970 798 326 998 -560 380 1392  78 592 512 -1132 -832 1882 -136 -50 708 1346 1998 354 -186 -238 1332 154 1664 -728 492 1086 -356   0 726 1004 
channel    1 - height    0 : -1156 -2760 -2710 -1716 -3736 -3766 -2534 -2400 -2010 -2430 -2964 -3408 -3010 -2344 -2132 -2648 -2064 -3292 -1994 -2154 -2154 -3428 -1216 -2080 -2118 -3496 -2946 -3374 -2924 -2496 -1552 -1758 
channel    1 - height    1 : -2048 -1856 -2286 -2136 -1350 -3680 -2974 -3708 -2514 -246 -3916 -2924 -3318 -2258 -2596 -2032 -3016 -1938 -3116 -2188 -3926 -2852 -2364 -1192 -2106 -3062 -4018 -1654 -1890 -2324 -2640 -186 
channel    1 - height    2 : -1612 -3012 -3280 -2280 -2656 -2434 -3504 -1638 -3688 -2202 -3158 -2864 -2032 -3008 -3344 -2112 -3100 -2516 -3648 -2508 -3490 -1468 -2286 -3330 -1646 -3000 -3422 -1464 -3322 -2958 -4222 -1014 
channel    1 - height    3 : -1568 -2242 -2316 -2994 -2564 -2162 -3560 -1448 -2926 -1998 -2704 -2148 -3516 -2510 -3258 -2138 -1158 -3710 -1860 -1834 -1766 -4696 -2134 -3842 -2540 -2450 -1684 -2418 -3270 -4038 -2314 -388 
channel    1 - height    4 : -1344 -2176 -2680 -2238 -4370 -1850 -2358 -1950 -966 -2704 -3790 -3178 -3014 -766 -3720 -2580 -1150 -3546 -1920 -2560 -2382 -2572 -3396 -2940 -2216 -3546 -2550 -1032 -3524 -2526 -4164 -362 
channel    1 - height    5 : -548 -1234 -314 -458 -1466 -140 -2220 -1084 -254 -432 -460 -1032 -268 -1750 -1064 -1098 -664 -654 -1422 -94 -1406 -578 -1668 -378 -1212 -1068 -1196 -514 392 -1936 -366 -648 
channel    2 - height    0 : 1768 740 1374 1172 1116 1098 2250 1820 2610 1230 2380 780 1130 1364 188 728 1428 1476 2130 1882 1486 1308 596 1224 1106 364 3330 1146 2076 2240 1924 714 
channel    2 - height    1 : -200 1412 1926 1472 2462 1916 2990 1804 1122 582 720 836 3730 2642 2508 432 1308 2070 900 764 1042 2920 2460 1856 370 818 1766 2150 3110 1372 176 1470 
channel    2 - height    2 : 244 2244 1540 1976 1256 -46 1048 1974 1768 1078 494 1384 1956 1668 2336 1136 2004 1684 1728 3552 2046 2368 114 1066 886 2280 2614 444 658 138 1790 1926 
channel    2 - height    3 : 632 1190 2404 822 1824 1630 1636 2960 1106 2718 2332 1276 272 1386 2278 1622 1450 2458 2980 1430 1734  80 3482 1074 3048 2178 252 1374 1110 3954 1038 2172 
channel    2 - height    4 : -504 1664  84 882 2066 1950 1582 566 -370 376 1678 1874 2146 2354 824 1208 -350 -134 2504 1516 1650 200 1280 1356 2364 978 2474 396 1456 1514 2172 1830 
channel    2 - height    5 : 988 1270 2130 606 2778 892 2004 392 1802 396 684 1664 980 1538 1948 2814 1820 2918 1566 1174 1334 1042 1312 2402 812 2120 1732 1354 764 2228 2250 1016 
channel    3 - height    0 : 156 1604 -18 1296 952 206 238 992 -434 1710 -56 1352 1002 472 584 1232 864 500 330 1078 410  72 1572 384 118 448 434 2050 1520 792 984 1054 
channel    3 - height    1 : -276 588 370 712 -922 512 2022 1992 974 554  16 296 1378 998 1124 724 1340 -694 484 1720 842 -184 1952 -220 -938 -186 538 710 770 324 -828 1282 
channel    3 - height    2 : -676 784 1096 1004 -440 -286 1012 654 2496 1150 -858 -228 444 1008 668 632 2712 420 144 1164 -286 -120 -90 742 -654 1160 570 1528 826 766 414 2982 
channel    3 - height    3 : -396 -438 1028 1006 -712 1106 1724 200 154  62 -332 948 1176 362 1242 -826 1858 -134 -212 1246 -830 928 282 626  80 1498 -296 290 1166 422 -734 3336 
channel    3 - height    4 : 728 1592 -296 2262 -1762 1334 226 1318 -1550  52 598 -682 826 494 1232 -260 1238 -554 1648 2008 -90 -832 376  20 1168 1550 782 328 156 878 1544 3466 
channel    3 - height    5 : 808 862 -506 234 -1070 1140 228 1920 -422 -228 -452 -1300 608 1230 504 -174 2208 598 1442 430 -302 -314 1676 -14 1256 116 200 -254 -144 476 -558 3200 
