1 4 4 32
channel    0 - height    0 : -55894 -48312 -73564 -50054 -29293 9802 -15877 -12328 -34352 -69009 -91558 -91641 -106078 -85389 -77278 -65439 -64466 -42033 -75248 -61985 -31607 -67941 -8636 -72073 -24170 -62359 -27751 -57856 3483 -36537 -30920 -31050 
channel    0 - height    1 : -6889 60061 -72849 -48939 -72166 -14468 -74443 -6936 -8734 -12703 14626 -18878 -20302 -41405 41070 -35741 -20213 -11781 1122 -58310 -22543 -54834 5343 -24189 4206 -31546 12895 -27220 -45223 -36179 -36150 -35661 
channel    0 - height    2 : -12997 -14663 11175 673 -24405 30959 -48733 -42274 -11638 -41196 5482 -47670 -53549 -42987 -17627 -23335 -33632 -16469 -26288 -5555 3198 -42755 8741 -115256 -52681 -19777 16393 -93404 -19169 -88843 27308 -36183 
channel    0 - height    3 : -40899 -71254 -30105 -70993 -75061 -65564 -44397 -54056 -42391 -86183 -65074 -54161 -41684 -51849 -51028 -35044 33659 -38612 -61885 -16456 -68690 -52124 -16476 -95540 -53773 -50664 -74732 -38163 -29541 -42348 -70138 -93791 
channel    1 - height    0 : -42973 -69262 -45958 -33856 -49665 -65078 -51806 -37237 -5340 -86854 4733 -40731 -128101 -20011 -81020 -44084 -82097 -34675 -46890 -56587 -59036 -31662 -38148 29894 -21394 -66546 -45425 -78815 -24824 -42882 -37736 -16424 
channel    1 - height    1 : -50469 -96046 -71972 -116623 -125218 -162791 -127336 -130642 -120686 -84841 -115365 -120067 -130341 -124634 -106969 -70743 -128366 -83179 -75488 -141015 -104839 -80650 -135765 -37183 -79805 -114354 -105484 -97770 -144918 -122320 -155994 -49039 
channel    1 - height    2 : -40647 -141664 -77933 -147158 -162155 -115623 -79518 -112235 -90309 -86596 -84587 -93894 -125371 -110531 -123000 -102296 -101397 -107875 -58343 -113189 -106429 -76364 -144436 -67350 -153700 -108942 -124502 -69994 -184145 -104342 -136665 -36010 
channel    1 - height    3 : -72670 -115705 -69687 -79601 -113822 -123877 -89080 -94869 -63445 -125112 -106382 -76061 -119338 -124850 -80472 -111438 -31985 -61046 -97472 -102340 -137252 -93829 -125529 -66739 -101774 -123612 -94054 -95514 -133175 -125622 -100706 -53762 
channel    2 - height    0 : -8775 24817 44059 45767 27982 52858 45749 -6887 69490 23479 13241 64545 37966 1902 69049 15258 31747 35886 28911 16808 989 67619 86908 58332 74763 26221 15854 11607 22282 7916 44911 83374 
channel    2 - height    1 : -23901 71546 28965 74420 6191 44182 82587 29715 79197 42283 81234 79276 40538 64571 28460 21725 100440 49577 31801 56679 81624 86647 55737 81577 69007 57713 29890 79486 18476 53250 110360 77122 
channel    2 - height    2 : 24579 16651 78996 89657 1269 54054 97380 36813 80145 21880 10846 89186 21096 42809 43246 45066 64352 73582 1776 61967 90312 58237 66100 86969 46209 49800 50826 22956 36057 55043 90491 91971 
channel    2 - height    3 : 27365 27301 31764 15550 59037 46830 41847 35064 34164 12384 49310 26022 18257 43435 55348 -4457 37010 38606 24087 32059 10297 33023 46705 42224 33835 46674 36627 39874 27583 55898 27932 88397 
channel    3 - height    0 : 45516 57172 62596 51555 10123 32041 8943 51244 30838 14213 81436 63517 51422 57811 65578 72914 26408 22411 63671 50813 58961 33139 62637 46578 17373 -35488 64335 13084 36877 50192 38723 -24299 
channel    3 - height    1 : 59000 58068 100280 94894 118489 114857 52926 21057 59983 96250 67925 81712 181442 62339 78432 116530 109315 69510 52748 93250 110310 52061 132213 39278 84789 73271 68455 81855 147082 68076 45137 67905 
channel    3 - height    2 : 105255 72529 49952 90792 139890 51975 95543 118482 84936 91865 99703 54220 45214 125100 80450 62350 103491 123017 69792 57335 104552 92392 116380 136476 49946 63664 66404 85321 71811 129357 100196 17651 
channel    3 - height    3 : 71429 134027 60893 86178 117579 79696 69523 104053 88914 101708 87861 63347 75491 102573 107115 50766 41511 105910 78673 47765 111011 65099 65596 73498 121868 70751 60920 67638 97685 118342 127315 106969 
