1 4 4 32
channel    0 - height    0 : -111681 -96517 -147021 -100001 -58479 19711 -31647 -24549 -68597 -137911 -183009 -183175 -212049 -170671 -154449 -130771 -128825 -83959 -150389 -123863 -63107 -135775 -17165 -144039 -48233 -124611 -55395 -115605 7073 -72967 -61733 -61993 
channel    0 - height    1 : -13671 120229 -145591 -97771 -144225 -28829 -148779 -13765 -17361 -25299 29359 -37649 -40497 -82703 82247 -71375 -40319 -23455 2351 -116513 -44979 -109561 10793 -48271 8519 -62985 25897 -54333 -90339 -72251 -72193 -71215 
channel    0 - height    2 : -25887 -29219 22457 1453 -48703 62025 -97359 -84441 -23169 -82285 11071 -95233 -106991 -85867 -35147 -46563 -67157 -32831 -52469 -11003 6503 -85403 17589 -230405 -105255 -39447 32893 -186701 -38231 -177579 54723 -72259 
channel    0 - height    3 : -81691 -142401 -60103 -141879 -150015 -131021 -88687 -108005 -84675 -172259 -130041 -108215 -83261 -103591 -101949 -69981 67425 -77117 -123663 -32805 -137273 -104141 -32845 -190973 -107439 -101221 -149357 -76219 -58975 -84589 -140169 -187475 
channel    1 - height    0 : -86032 -138610 -92002 -67798 -99416 -130242 -103698 -74560 -10766 -173794 9380 -81548 -256288 -40108 -162126 -88254 -164280 -69436 -93866 -113260 -118158 -63410 -76382 59702 -42874 -133178 -90936 -157716 -49734 -85850 -75558 -32934 
channel    1 - height    1 : -101024 -192178 -144030 -233332 -250522 -325668 -254758 -261370 -241458 -169768 -230816 -240220 -260768 -249354 -214024 -141572 -256818 -166444 -151062 -282116 -209764 -161386 -271616 -74452 -159696 -228794 -211054 -195626 -289922 -244726 -312074 -98164 
channel    1 - height    2 : -81380 -283414 -155952 -294402 -324396 -231332 -159122 -224556 -180704 -173278 -169260 -187874 -250828 -221148 -246086 -204678 -202880 -215836 -116772 -226464 -212944 -152814 -288958 -134786 -307486 -217970 -249090 -140074 -368376 -208770 -273416 -72106 
channel    1 - height    3 : -145426 -231496 -139460 -159288 -227730 -247840 -178246 -189824 -126976 -250310 -212850 -152208 -238762 -249786 -161030 -222962 -64056 -122178 -195030 -204766 -274590 -187744 -251144 -133564 -203634 -247310 -188194 -191114 -266436 -251330 -201498 -107610 
channel    2 - height    0 : -17672 49512 87996 91412 55842 105594 91376 -13896 138858 46836 26360 128968 75810 3682 137976 30394 63372 71650 57700 33494 1856 135116 173694 116542 149404 52320 31586 23092 44442 15710 89700 166626 
channel    2 - height    1 : -47924 142970 57808 148718 12260 88242 165052 59308 158272 84444 162346 158430 80954 129020 56798 43328 200758 99032 63480 113236 163126 173172 111352 163032 137892 115304 59658 158850 36830 106378 220598 154122 
channel    2 - height    2 : 49036 33180 157870 179192 2416 107986 194638 73504 160168 43638 21570 178250 42070 85496 86370 90010 128582 147042 3430 123812 180502 116352 132078 173816 92296 99478 101530 45790 71992 109964 180860 183820 
channel    2 - height    3 : 54608 54480 63406 30978 117952 93538 83572 70006 68206 24646 98498 51922 36392 86748 110574 -9036 73898 77090 48052 63996 20472 65924 93288 84326 67548 93226 73132 79626 55044 111674 55742 176672 
channel    3 - height    0 : 90951 114263 125111 103029 20165 64001 17805 102407 61595 28345 162791 126953 102763 115541 131075 145747 52735 44741 127261 101545 117841 66197 125193 93075 34665 -71057 128589 26087 73673 100303 77365 -48679 
channel    3 - height    1 : 117919 116055 200479 189707 236897 229633 105771 42033 119885 192419 135769 163343 362803 124597 156783 232979 218549 138939 105415 186419 220539 104041 264345 78475 169497 146461 136829 163629 294083 136071 90193 135729 
channel    3 - height    2 : 210429 144977 99823 181503 279699 103869 191005 236883 169791 183649 199325 108359 90347 250119 160819 124619 206901 245953 139503 114589 209023 184703 232679 272871 99811 127247 132727 170561 143541 258633 200311 35221 
channel    3 - height    3 : 142777 267973 121705 172275 235077 159311 138965 208025 177747 203335 175641 126613 150901 205065 214149 101451 82941 211739 157265 95449 221941 130117 131111 146915 243655 141421 121759 135195 195289 236603 254549 213857 
