Time	valid	out_f_idx	out_y_idx	out_x_idx	result_word
                   0	x	    x	    x	    x	xxxxxxxxxxxxxxxxxxxxxxxxxxxxxxxxxxxxxxxxxxxxxxxxxxxxxxxxxxxxxxxx
                5000	0	    0	    0	    0	0000000000000000000000000000000000000000000000000000000000000000
             1975000	1	    1	    1	    1	0000000000000b00000000000000000000000000000000000000000000000000
             1985000	1	    2	    1	    1	161600002b0205082508456e19005e522300463d007968004d0f000033040d00
             1995000	1	    3	    1	    1	162200002d6e19004600002e4d4743000000000000002e00000a00431e5b0006
             2005000	1	    4	    1	    1	255e747d3a8a845088e06e78e19238bbbb818eab5f5d48df8c288a999cc57cde
             2015000	1	    5	    1	    1	230a040000010013000000000600353d00002700001f00261f00000000001000
             2025000	1	    6	    1	    1	25747b5a440e5c827635476572474c4a0b630012980031665a517f5b3f3a8c00
             2035000	1	    7	    1	    1	23428ab74b60678ca4aca66d949cad539b906c7b5e6f594a8858d17a6e728a60
             2045000	1	    8	    1	    1	297ae1d157b98a8bcdf4aea8f2b892bfff9e9e8e78d1c6d7a08debe7afefaec7
             2055000	1	    9	    1	    1	003647514637854763675c380037175f59575f5e8424072c5d69347f3b462135
             2065000	1	   10	    1	    1	5a9d373a3100424b5041790000417f390f1a5500631e25000a2c634e32252800
             2075000	1	   11	    1	    1	00115fb14151a7209c9e965f585202628487618685041a9c53176b968b4895a2
             2085000	1	   12	    1	    1	000000002a000000000000000000000000000d00000000000000000000000000
             2095000	1	   13	    1	    1	080b2d5f52002442385e46240033222115424e5ea02900000c4522051900360f
             2105000	1	   14	    1	    1	0000000000000000000000000000000000000000000000000000000000000000
             2115000	1	   15	    1	    1	8ba86b7fb996b8d9bfd092b3480c81ed777b948b92687d89408cc3e3b4ec3c30
             2125000	1	   16	    1	    1	0000000000000000000000000000000000000000000000000000000000000000
             2135000	1	   17	    1	    1	06455b4777006f3b5a6c89bf3420035a47005c2e7c5b0089174f2c3f58316b00
             2145000	1	   18	    1	    1	005f6d781b368c468460242199cc5457a7a937457c00538b7741b1666572ad4a
             2155000	1	   19	    1	    1	000019000800000000080001162e000000000000020a0000010000000000001b
             2165000	1	   20	    1	    1	0000250039000002001200000000001e00005c00484c00003100001305006500
             2175000	1	   21	    1	    1	0000000000000000100000000000310b00150000000009330000150000212516
             2185000	1	   22	    1	    1	1f0e04320900001a1f583a000000413e001a2844391500000000121f00000000
             2195000	1	   23	    1	    1	0d0000000064000000000000574725001f00000000294b00471f030023000d0f
             2205000	1	   24	    1	    1	0f986980591a8729846589781e424c6b5d519467965b565b3132429a68926115
             2215000	1	   25	    1	    1	00775d0e004922537702325c732961524c7c2c39932063965d1b652c39927000
             2225000	1	   26	    1	    1	1a000040442130080b2e346f24000000151b1d4e00000015000403122d27002b
             2235000	1	   27	    1	    1	6e3900000000000200000000002235000000000000000000472f000000000000
             2245000	1	   28	    1	    1	0000000000000000000000032a04000000000000000000202a0000002300162f
             2255000	1	   29	    1	    1	00000000062e00003100443f7814000000000000000c00003700000015000030
             2265000	1	   30	    1	    1	0000000000000000000000000000000000000000000000000000000000000000
             2275000	1	   31	    1	    1	0000384a00050f005a35231b572e000b006200448000003d0a0026010600692b
             2285000	1	   32	    1	    1	4c2ed3ff4dc17141b3bd9e8b62645d70aaa891d07ed68b1855bec2b2aa553a8d
             2295000	1	   33	    1	    1	0000000000000000000000000000000000000000000000000000000000000000
             2305000	1	   34	    1	    1	34cc74588f2ca0c196ccb99fd0ee9baae174d332dd7064c4ed81a0a98ac3d735
             2315000	1	   35	    1	    1	4f2e62763f5e004563947a5f6d0e236e204e794c89816c042f4133772f0b6a18
             2325000	1	   36	    1	    1	262e3a3b1d3a552e7c15234f2e28574f234c3a5994183a5220803d007c00344f
             2335000	1	   37	    1	    1	5732461d0432007228486e000000b1770726551624424f00584c4364001b2000
             2345000	1	   38	    1	    1	0d22564692534555754c1e7c37545d5b5b37574b16864a3000578f3c752f6b09
             2355000	1	   39	    1	    1	0027556c00381500192e1000465d0004174c35463800003a1d00392f4902436f
             2365000	1	   40	    1	    1	0700094329103f01515528070037001900003500481b0000000d2e2e3a002300
             2375000	1	   41	    1	    1	3e2e2e0f70990068743179b2db79a05567326810168db34b58795847854b965c
             2385000	1	   42	    1	    1	2d29726500441f3e3d102b312f006f354c6b0046001a7f3539329c4725654500
             2395000	1	   43	    1	    1	200474901c8f3a1a57691f0e0418083449415e347394340040644a7b5611005f
             2405000	1	   44	    1	    1	0000000000160000000000000000000000000000000000000000000000000000
             2415000	1	   45	    1	    1	00008a5f1c4c003e4e5439141a007b902e6562203d3946620a0086963a3eae81
             2425000	1	   46	    1	    1	0000000000000000000000000000000000000000000000000000000000000022
             2435000	1	   47	    1	    1	00000000000000000000450000000b0000000000000e00002400000000000000
             2445000	1	   48	    1	    1	583300338b4e373b3c3d494f23130000000018351f610c00162a17283e000000
             2455000	1	   49	    1	    1	1d535f55523d64332a2a18211953000039292d00491e001e2a2e8652840d4900
             2465000	1	   50	    1	    1	0000000000240000000000000c00000b0017000a00002d000000000000002e16
             2475000	1	   51	    1	    1	0000000000000000000000000000000000000000000000000000000000000000
             2485000	1	   52	    1	    1	0000000000000000000000000000000000000000000000000000000000000000
             2495000	1	   53	    1	    1	0000000000000000000000000000000000000000000000000000000000000100
             2505000	1	   54	    1	    1	0000000000000000000a0d000000000000000004000000000000000000000037
             2515000	1	   55	    1	    1	6085512f5a4c009a61246d741800c435313c6b4275bc9700346d7c1b406b0700
             2525000	1	   56	    1	    1	0000000000000000000000000000000000000000000000000000000000000000
             2535000	1	   57	    1	    1	1600001c4c0835000012165a3a2600001c001700236100003300000045000000
             2545000	1	   58	    1	    1	0039170d0000100000000200002a120026181b24000000261a001607140d1a0b
             2555000	1	   59	    1	    1	3740000022360004060314574c03300d00000c1a006e22092a001d004f140000
             2565000	1	   60	    1	    1	0000000000000000000000000000000000000000000000000000000000000000
             2575000	1	   61	    1	    1	37085039003c2e001f1444094652171a50200d4400212917647b0045171a0066
             2585000	1	   62	    1	    1	4c9aa1d383e3a284e3a67d6c4651beba7cb8988c4d56bf770b5affffbbf08352
             2595000	1	   63	    1	    1	0000000000000000000000000000000000000000000000000000000000000000
             2605000	1	   64	    1	    1	00110029170059090700380100000000241100002d000a001d26160f33000f00
             2615000	0	    0	    0	    0	0000000000000000000000000000000000000000000000000000000000000000
             3085000	1	   65	    1	    1	69b3855166c07181b972ac987f957b9676955cb85267b14958c793a084b6543e
             3095000	1	   66	    1	    1	00190000000035000c00130000150001050016000b0000002c14001d00001300
             3105000	1	   67	    1	    1	00000000000000000000000048000000000b0000000000000000000000180000
             3115000	1	   68	    1	    1	41d9eae8dfffb9c4ffffffffff9bc0ffa4e6b2e7e3bff3ff8285faffffffeeb5
             3125000	1	   69	    1	    1	8e360000001b004d0000150008077d001e0f0000000016001d2a59005f0c0000
             3135000	1	   70	    1	    1	7a789c84b0fa6d9a9f77a0948e679ba78e88ae9f48b89e53b8a096ffd1797c88
             3145000	1	   71	    1	    1	0000000000000000000000000000000000000000000000000000000000000000
             3155000	1	   72	    1	    1	3b0200001a00003a0000002e220048010000010000000033000027001f420000
             3165000	1	   73	    1	    1	000000000000000000000000000000000000000000000000000000000000004b
             3175000	1	   74	    1	    1	1300000000000000000000000000000000000000000000000000000000000000
             3185000	1	   75	    1	    1	389ea1581f7299939e8a8d6eb5afc0cde193777b555492c6f682c5aaa1c4ae81
             3195000	1	   76	    1	    1	0000000000000000000000000000000000000000000000000000000000000000
             3205000	1	   77	    1	    1	00105d8700a45200a76234184369854a38523e8f06666b300d3e485f355c15a0
             3215000	1	   78	    1	    1	0000000100000c00000000000000000000000000000000000000000000000000
             3225000	1	   79	    1	    1	0e00003600007b00001a0000000000001b0000280c000003000b000000000000
             3235000	1	   80	    1	    1	084771583700002a004017113e70210c433f630a8d5d00004200771545004c00
             3245000	1	   81	    1	    1	001c0f436c86222a8d524ea193470017003e0047443a3d04051a1b4b4765035b
             3255000	1	   82	    1	    1	4f8f7b51620c606f5248498d4e808b514a4774504b5017493588775535865d00
             3265000	1	   83	    1	    1	00006965060032117552231c11192d687673135d5000368400145c520a537a61
             3275000	1	   84	    1	    1	0000000000000000000000000000002300000000000000000000000000000000
             3285000	1	   85	    1	    1	0000001605002b000d001f241b2e0000260000002000001d001e00005600125b
             3295000	1	   86	    1	    1	3a000b523b2d3000114d78673d14001745006d1300895e00484a00415b004641
             3305000	1	   87	    1	    1	00000a00000000000300000400001f0e00000000001b00000033000000000000
             3315000	1	   88	    1	    1	3600002100492a1f4454351732006b49510a3701000c5c62021061024e62104d
             3325000	1	   89	    1	    1	0000000000000000000000000000000000000000000000002400000000000000
             3335000	1	   90	    1	    1	00001311000b0000003600021200001d00003a00220000305300000000003e2a
             3345000	1	   91	    1	    1	6a48356300003f27262f4e2e39205a011425047c24050d260b4e3c00282e0024
             3355000	1	   92	    1	    1	0200000000000000000000003b00000000000000000000000900000000000000
             3365000	1	   93	    1	    1	8fa4400fcd495cee51406382552e8073664c64346f35427b398da07aa397490c
             3375000	1	   94	    1	    1	3394b49a823865cc82c277874865c4bad59efd76f5ca556fa587c9af75be852c
             3385000	1	   95	    1	    1	0000000000000000000000000000000000000000000000000000000000000000
             3395000	1	   96	    1	    1	254ca4ab94767c603a6a2d5c748200179d745c4b7e6a43566a8294a29b3d6c63
             3405000	1	   97	    1	    1	00003c460000000009340e00162f0000001d002a340000000000001200000e21
             3415000	1	   98	    1	    1	4157354482313377563568270065f7225b00a3002ba72e07364f863d8a2f2425
             3425000	1	   99	    1	    1	7d4900134a7a330124188060651b000000002b00005855006d1400158f0d0000
             3435000	1	  100	    1	    1	0000000000000000000000000000000000000000000000000000000000000000
             3445000	1	  101	    1	    1	e6bcbed999a1e6cea88bbe5d78abd692e9a8a0c86d9cad3cd9ffffd7ff5b6463
             3455000	1	  102	    1	    1	0000000000000300000000000000001e00000000000000000026000000000000
             3465000	1	  103	    1	    1	0000000000000000000000000000000000000000000000000000000000000000
             3475000	1	  104	    1	    1	725b00035c00436f3125531d0000500a050936423b240000000030004a600000
             3485000	1	  105	    1	    1	0000000000000000000000000000000000000000000000000000000000000000
             3495000	1	  106	    1	    1	0000000000000000000000000000000000000000000000000000000000000000
             3505000	1	  107	    1	    1	136c440014660a1b5a0a3f54628363643b00673151b4471ca161000b750c2c57
             3515000	1	  108	    1	    1	4f492c4d87473089685d5c6b25007163824f7d535a867754002a9e4c8b873705
             3525000	1	  109	    1	    1	001b1e3c25273b206f29784e11005c2c4030255c35292c790003233f317e0659
             3535000	1	  110	    1	    1	00000000000000000000000000000000000000000000000000000c0000000000
             3545000	1	  111	    1	    1	2036000000070000170038000000080000020e0e3b070d000000000006040000
             3555000	1	  112	    1	    1	5600000000000000000000000000000000000000000000002400000000000000
             3565000	1	  113	    1	    1	2e0400030b003f000001040000302e1660005a21005b0000003401004c000000
             3575000	1	  114	    1	    1	000000000b000000000000340000000000000000001100000000000000000000
             3585000	1	  115	    1	    1	0000000000000000000000000000000000000000000900000000000000000000
             3595000	1	  116	    1	    1	0000020caa061c1b2035085400000041210050002642002c000b00625100522c
             3605000	1	  117	    1	    1	1800000a10340000337767121d00002300003400004600000000001717000024
             3615000	1	  118	    1	    1	8a410000170d301f00000000000000000000000000000000004d0000003c0000
             3625000	1	  119	    1	    1	08000000000000000000453e2000000000000036000023000000000000000000
             3635000	1	  120	    1	    1	0000000000000000000000000000000000000000000000000000000000000000
             3645000	1	  121	    1	    1	54704a336304135c1e4641201400517a354d5c864b5c381d1a0355533e2d3200
             3655000	1	  122	    1	    1	000000440000000000393e000001000005000000171900000000000000000012
             3665000	1	  123	    1	    1	1f0000000000000000000000000403000000000000000000002b000000000000
             3675000	1	  124	    1	    1	0000000000000000000000000000000000000000000000000500000000000000
             3685000	1	  125	    1	    1	144f33628400a94557335a752b604b0d7f002a1f135134592b604d6374761422
             3695000	1	  126	    1	    1	07000000373c000000000002013000000000000000400000011900000000001b
             3705000	1	  127	    1	    1	000000000400002e0000000000000000000000000800000500000000000d0000
             3715000	1	  128	    1	    1	0000000000000000000000000000000000000000000000004000000000000000
             3725000	0	    0	    0	    0	0000000000000000000000000000000000000000000000000000000000000000
             4195000	1	    1	    2	    1	000000000000000000000000000000002c0d0000000000000000000000000000
             4205000	1	    2	    2	    1	8703000000080500000019000f2532000810000000004b00000000082b000000
             4215000	1	    3	    2	    1	00001b00003900054010000000006300000f00000f1a21000032300000001b1b
             4225000	1	    4	    2	    1	003e69a97040ab9296b3b7af9ecd6bd8fb88ba9395513db9f32d998ad85fd1d7
             4235000	1	    5	    2	    1	405f003e00003c0a001975000000263b39004f00000043290800454703114300
             4245000	1	    6	    2	    1	0600000051211d200009000b450052002b0000000010064400491a003c3e004e
             4255000	1	    7	    2	    1	33ab6d94678ac89ab398a376ac83aeffead9dc75b342653a715bb0dab8758100
             4265000	1	    8	    2	    1	52dca19cebd0ffcbce983ccf96cd76dbf0fdc3ffd45bb5fff9a7efadf7e6f19f
             4275000	1	    9	    2	    1	1700008d1115440035349c64995901004233345731326b6d0d0000006156004c
             4285000	1	   10	    2	    1	6d207776762c59382d58560029440a5a923c792e66631853327c66b157108031
             4295000	1	   11	    2	    1	02dafbfffff6ffffffffffffffffffffffffffffffd3eefffcafffffffffffff
             4305000	1	   12	    2	    1	68000000000001000000252b000000000000002f002500000000000000140000
             4315000	1	   13	    2	    1	1f00000000000000000000000000000000160000000000000000000000000000
             4325000	1	   14	    2	    1	0000000000000000000000000000000000000000000000000000000000000000
             4335000	1	   15	    2	    1	0000004daf8c3300235248610b4a0000001d4f5300b04a3c000000112a640239
             4345000	1	   16	    2	    1	0000000000000000000000000002000000000000000000000000000000000000
             4355000	1	   17	    2	    1	2f5b4bee9f8d9da07f7c7fabc7cfda7ad581c138676c806c4e68f9aaa3c8b27b
             4365000	1	   18	    2	    1	000000000070000035090000000024350005001e1f0044140000000000250018
             4375000	1	   19	    2	    1	2d8d1c20334d5b657000125a78ae342d538e1da07b000000a4af3478126d2444
             4385000	1	   20	    2	    1	5a277a81612310950f001d2f81052e32378937223f402e5a006287c02169ab00
             4395000	1	   21	    2	    1	0000000000000000000000000000000000000000000000000000000000000000
             4405000	1	   22	    2	    1	734f5e5e0013361400656d3670713f502a542c00490559303315422c00482b00
             4415000	1	   23	    2	    1	67aa1d1c40545cc0661a00001b06e2625a4d918a57424a4a6e4db32197555403
             4425000	1	   24	    2	    1	518ff171e6cc7984f8b57ed8a4a6aec0c5af69c94edcbe5543d1ffddc6e99e54
             4435000	1	   25	    2	    1	59f97c0086d26696675d3acbb18bffac861a7e3f39d1e7b29cf6ac27aaff4267
             4445000	1	   26	    2	    1	162c5fc2613dc99e8ee3c4bcadaf8f2b71479147456220006b4ea86ab2537024
             4455000	1	   27	    2	    1	e68c4317003a2f542500350558002f7a1b150520003472003ac172427c280000
             4465000	1	   28	    2	    1	684d00401d05786b00025a359c7f2d2e6c005f04000b52079baa00386400340d
             4475000	1	   29	    2	    1	0000000000000000000000000000000000000000000000000000000000000000
             4485000	1	   30	    2	    1	00000000000000000000000000320c0000000000000000000000000000000000
             4495000	1	   31	    2	    1	00c1707a3e84ab62a2976b9ce296ddff928a76508c18884d209da29793997257
             4505000	1	   32	    2	    1	437100e02109542a6020932c3000451f4b48a061b3006e551d008100911d4500
             4515000	1	   33	    2	    1	0000000000000000001000000000000000000000000000000000000000000000
             4525000	1	   34	    2	    1	080061043e7a42361f5756235b1541896365377700572aa05f1e0f5b4e448b8d
             4535000	1	   35	    2	    1	25007b332600103c00294191180704cc7a69008600072f67003d373900244900
             4545000	1	   36	    2	    1	556bc1e2c1758c85a3ca5fe3dfd4a4ffcb928652668dd2a9008cff94e7b3905b
             4555000	1	   37	    2	    1	0000423e00004700000e00080363001b512557001e24005e0000003c0c4f1a00
             4565000	1	   38	    2	    1	006800220061002c2a2b02002400542d004700002700340000005b10000c0000
             4575000	1	   39	    2	    1	000f32e6055a1f4971954a035100001035375c39c80800004331c7779e06499c
             4585000	1	   40	    2	    1	0000000000000000000000000000000000000000000000000000000000000000
             4595000	1	   41	    2	    1	303e6004574a599845530f00005f8bab7786a28f354e1536000f6ea86d468f32
             4605000	1	   42	    2	    1	008a000034008410000000340000000011002000331319397b76000050180500
             4615000	1	   43	    2	    1	4e5d07857f0024495900493b59555d103c48376f79264eaa00008700725b3811
             4625000	1	   44	    2	    1	0000001900002b0000006338000000005e00000000000000000d000009000000
             4635000	1	   45	    2	    1	00badf776b59a46a98ab399ec0b8019edf8cab61a1a248f1745d8bff9bf2d792
             4645000	1	   46	    2	    1	0000000000000000000000000000000000000000000000000000000000000026
             4655000	1	   47	    2	    1	0000000000000000000000000000000023000000000000000000000000000000
             4665000	1	   48	    2	    1	1521000800000d001e0265546a2e6f9011234419574c7e090500000000006100
             4675000	1	   49	    2	    1	002c0009085a0000340000003300000300000074680321352b0100000038311c
             4685000	1	   50	    2	    1	0000000000000000000000000000000000000000000000000000000000000000
             4695000	1	   51	    2	    1	3a5941000000000000000000000000000000000005000000007c000000000000
             4705000	1	   52	    2	    1	0a00000000000000000000000000000000000004000000000000000000000041
             4715000	1	   53	    2	    1	00000011000000000000000000000000000000000000000c0000000000000000
             4725000	1	   54	    2	    1	0800000025000000000000551655002832002800000000000e00000000000012
             4735000	1	   55	    2	    1	d6648e1e43a4002b0d0a230b4b3ab6555f786c2013be981c0046984f33293300
             4745000	1	   56	    2	    1	0000000000360000000000000000001b00000000000000000000000000000000
             4755000	1	   57	    2	    1	0000000000000000000000000000770d00000000000000000000000000001600
             4765000	1	   58	    2	    1	649d5d4249487b675b755a4e7c4335527900400939593815e8c074b07b354a1a
             4775000	1	   59	    2	    1	0000002500470000000000002500000000000c00000000001b00004119005016
             4785000	1	   60	    2	    1	0000000000000000000000000000070000000000000000000000000000000000
             4795000	1	   61	    2	    1	0608001010003e3300000b37000000004e001c000000002867270000481e0019
             4805000	1	   62	    2	    1	07bea8797e9cb360cdd7c0b37e5e3b4aa17b94f1d1f0a999b37286709bcf893a
             4815000	1	   63	    2	    1	0000000000000000000000000000000000000000000000000000000000000000
             4825000	1	   64	    2	    1	0000000000000000000000000000000000000000000000000000000000000000
             4835000	0	    0	    0	    0	0000000000000000000000000000000000000000000000000000000000000000
             5305000	1	   65	    2	    1	7effd9ffd4ddefd9ffd5ecdfbdffb2ffffffffffffaeddb780d3eafffff2b4fb
             5315000	1	   66	    2	    1	000000000700000000000d0600000004260000000000282a0034000000001000
             5325000	1	   67	    2	    1	000000000000000000000000000410000000000000000000000000000000000e
             5335000	1	   68	    2	    1	37381c3a54fe97678a8d658ca4aee2738b8ca578398cff7f4d68823ca0ec8d76
             5345000	1	   69	    2	    1	0d0000009800171e000400000012000400003300000e0028383f003a2c003800
             5355000	1	   70	    2	    1	dafffffffffcffffffffffffffffffffffffffffffffffffffffffffffffffa2
             5365000	1	   71	    2	    1	0000000000000000000000000000001400000000000000000000000000000000
             5375000	1	   72	    2	    1	474c2f0039820d864b543e5d4c338730001263001a7445123428732374745500
             5385000	1	   73	    2	    1	0000000000000000000000000000000000000000000000000000000000000000
             5395000	1	   74	    2	    1	0b00050000000000000000000000000000000000000000430035000000000000
             5405000	1	   75	    2	    1	4991a1e9cbffffbed1bba3cefba581ddff8fffa282cdfeffffe39bffffe7dcf6
             5415000	1	   76	    2	    1	0000000000000000000000000000000000000000270000000000000000000000
             5425000	1	   77	    2	    1	004d7fe92b426b00a3f5a188244046e0f19c9a5ab344746f0000c772a93a3e96
             5435000	1	   78	    2	    1	0000000000000000000000000000000000000000000000000000000000000000
             5445000	1	   79	    2	    1	0000001d000000000000080726000c0000000000000012004a2d000000000000
             5455000	1	   80	    2	    1	627c036400174d4005003a004600361b11005d007000000e7474785360006900
             5465000	1	   81	    2	    1	300000003aa90c4a6a0035367093a3000d8b238031123e0000291d00484c165e
             5475000	1	   82	    2	    1	859570d8079d6b85b3e5ab415128ffafc077b54d6b918b00256cffa9a5a6360a
             5485000	1	   83	    2	    1	00663f004804581a25490594004c572b6219042e2a3f167b54000a0601b50062
             5495000	1	   84	    2	    1	000000100000000000000000000000000000000000000000000000000000000e
             5505000	1	   85	    2	    1	00000000610000600e00003c501c060a1b0300000f00001600003300190a2537
             5515000	1	   86	    2	    1	0a0078adcb004e995c4063850b153b8ab2a672a22a3f010a000099cb7400a000
             5525000	1	   87	    2	    1	22690700000c00000000000000005d2535190000000073080000660000360000
             5535000	1	   88	    2	    1	000d25003a2d60371e5300311e70006361006000004d006e77001c3c235a5e1e
             5545000	1	   89	    2	    1	0000000000000000000000000000000000000000000000240000000000000000
             5555000	1	   90	    2	    1	006a5c80076500625428844864002ca93a784c8f000057550a10a28d1f9a7300
             5565000	1	   91	    2	    1	00001d271d0000061a56165123270a757e193c003100000c08008e3e48002440
             5575000	1	   92	    2	    1	00000000492d002d0000005015357f3d04002d00002300005547000000000d03
             5585000	1	   93	    2	    1	dbb0cbafffe1c1ffb5e6fffcd4ffb794cab3ffd4baffbeeed3efa6fff7ecf38b
             5595000	1	   94	    2	    1	5626ac8a8c51583d206a805a433652499e6f6a961fe9326c462b9257756f2000
             5605000	1	   95	    2	    1	000000000000000000000000000d0700000000000000001c0018000000000000
             5615000	1	   96	    2	    1	003b261a4f173025603c596e50000025004700c46f0039987a3d001a004a7113
             5625000	1	   97	    2	    1	0000000000000000000000000000000000000000000000000000000000000000
             5635000	1	   98	    2	    1	0000120009360000002f26133200001b3a00430042620f492800004a11005600
             5645000	1	   99	    2	    1	99003529c9a51ada7800001caea4c02c437296924ca4370075c38f49ac1bb228
             5655000	1	  100	    2	    1	0000000000000000000000000000000000000000000000000000000000000000
             5665000	1	  101	    2	    1	31410a46f000359429007a6e2c00000e46536452c4473a3b7752004b85002b00
             5675000	1	  102	    2	    1	0000001700000000001c00000000000000000000000000000000000000000000
             5685000	1	  103	    2	    1	0000022600140000012b24001100000b0000000000113200001c1b2200001800
             5695000	1	  104	    2	    1	39000000723400050000001e174c00000000000000430000001b000000000000
             5705000	1	  105	    2	    1	0000000000000000061400000000000000000000000000000000000000000000
             5715000	1	  106	    2	    1	0000000000000000000000002e3a000000000000000000000000000000000000
             5725000	1	  107	    2	    1	995852af46b40c4e340053337d4523decd95b1840c67e449337260d8943a543a
             5735000	1	  108	    2	    1	0e073100ad58004a0009009813101c000000000200e900127900000000200000
             5745000	1	  109	    2	    1	00533b2455752e0049703ea31a9846335b2fb0008a8572324f00114732a84b44
             5755000	1	  110	    2	    1	00000000100400020000000004000000000000005b330000310000000003002e
             5765000	1	  111	    2	    1	403300000001000000000000000000000a00400b0c5f00004243000000000000
             5775000	1	  112	    2	    1	0e00000c2f00000000002500000500001d000a00000400000047003200001f00
             5785000	1	  113	    2	    1	4b6a0024480000410000000000000000000a00244e1400003d00000800000000
             5795000	1	  114	    2	    1	0000000000000000000000000000000000000000000000000000000800002c00
             5805000	1	  115	    2	    1	0000000000000000000000000000004000000000000000000000000900000000
             5815000	1	  116	    2	    1	00000000000000000000060a0000300000000000002d0e0b0000000000000100
             5825000	1	  117	    2	    1	0000000000000000000000000000000001000000000000000000000000002a00
             5835000	1	  118	    2	    1	0000000000000000003a0800000a00000000000027000000020b00000000004a
             5845000	1	  119	    2	    1	00000000000048000000000000b77d573d003700000000000041000000000000
             5855000	1	  120	    2	    1	0000000000000000000000000000000000000000000000000000000000000000
             5865000	1	  121	    2	    1	1e00382a0000000000241f0000001a000000100000661c002700003500000e00
             5875000	1	  122	    2	    1	2813207132007914133423584f8c7123a1597177830900647d2c5a004f234859
             5885000	1	  123	    2	    1	340c49004f0000364001003f004a000028390041321a0000003e230056000024
             5895000	1	  124	    2	    1	54000200002d460000001b00a15b1c52004400830000670000250000003e0000
             5905000	1	  125	    2	    1	113f6d00b0b92d79a72b035458a7c100369e3d32a8835a1ea467795949a5783d
             5915000	1	  126	    2	    1	111a006d67006c047025768b459f216a821d7c796e54001b3a0f002984003d62
             5925000	1	  127	    2	    1	4800000000040000000200140104000000000000000000000000000000000000
             5935000	1	  128	    2	    1	0000000000001500000f220051002b00050008410072003810000000270d0016
             5945000	0	    0	    0	    0	0000000000000000000000000000000000000000000000000000000000000000
             6385000	1	    1	    3	    1	000000002a000000003300000008020000000000000000000007000000160000
             6395000	1	    2	    3	    1	2f28150000000032002700000000001900000a00000000008903003f00000300
             6405000	1	    3	    3	    1	0000130000000000002e002e0000006b000000000e0000000000000000000000
             6415000	1	    4	    3	    1	004500ac6db0a8729e0b9253be73732e3bca9388e3205ba9ff850a68c23c99d0
             6425000	1	    5	    3	    1	6f00231500002e1007008300270011005500004800263b00331b0a554f004000
             6435000	1	    6	    3	    1	000000005d3604030025002a149800000021040021852124000000000f437d19
             6445000	1	    7	    3	    1	5e726bc5852a9da7498c76297261ad64842eaf8a588680cb85ad102253683921
             6455000	1	    8	    3	    1	2db9d2ffb8ff93f6ffacd8f5e400c37829ffa6ecbeafeadef0a3aa81a8c3c1ff
             6465000	1	    9	    3	    1	2c1b2200982c414a0e55003f005b7b3d941f240a5e13000e367c4100505c1637
             6475000	1	   10	    3	    1	5259575cda0081aa124d73a841090065de697267376165ba1d15368432e17218
             6485000	1	   11	    3	    1	42b4f8ffffffffffffffffffffffffffffffffffffffd9ffffffffffffffffff
             6495000	1	   12	    3	    1	41000000000015000000190004088a0d1f002100000065000000120000000000
             6505000	1	   13	    3	    1	0000000000000000000000000021000000000000000000000000000000000000
             6515000	1	   14	    3	    1	0000000000000000000000000000000000000000000000000000000000000000
             6525000	1	   15	    3	    1	0d0d005f1d6c0d000300902b423402003f6500143b4c56000700000000002e1b
             6535000	1	   16	    3	    1	000000000003000000000000002b000000000000000000000000020046000000
             6545000	1	   17	    3	    1	6b3bf021dcb8bfa8ef8d7998ac68d048d1fb43a680a8d1e2008aac988ae0e03a
             6555000	1	   18	    3	    1	0000000016170000000000280000000000001500004f2d00002300000000005e
             6565000	1	   19	    3	    1	31461f21362c7653c60e5785256abe473d6e7c7b48324e1221ce5e0198410095
             6575000	1	   20	    3	    1	57739b00895a3966773736210d0fa400204400841d7372241f4bd14b2b948a00
             6585000	1	   21	    3	    1	0000000000000000000000000000000000000000000000000000000000000000
             6595000	1	   22	    3	    1	883b205d625c81982a007814385637bbf5482e5c00246c893b8e796b8c9d8014
             6605000	1	   23	    3	    1	206cbb722f5b2a3163f263595a003b7012009c096b893a13942c4ac12c002900
             6615000	1	   24	    3	    1	36c1b72fb9ef9aa7bb941ec5ad62a0907ee69bcd8fe3ea7f7f8fd0ad9bff8879
             6625000	1	   25	    3	    1	a06e8273b5ff717aff4037a4a17f644972957aa138fbf9918ba7dcdcff9cd2f6
             6635000	1	   26	    3	    1	0a214ab76371a37195c3c95add99d9c4aaafa776c82f60547468959748267600
             6645000	1	   27	    3	    1	9f3f443a6f1f2a20004e7d1874581487a3004956007bb513006a618fff3b1c00
             6655000	1	   28	    3	    1	7c051f3293006787b42e6d4d0037a363286512c9540c0a16a1d3398e6f00592c
             6665000	1	   29	    3	    1	0000000000000000000000000000000000000000000000000000000000000000
             6675000	1	   30	    3	    1	0000000000000025310000000000002100000000000000000007007100000000
             6685000	1	   31	    3	    1	4e50406e85be9e6ffa41478674bdb69185af4ca7398fe09c61dd64a6b9887fd1
             6695000	1	   32	    3	    1	1e83453736083a3900650000000085105d0a83009a360026287b1412003d3100
             6705000	1	   33	    3	    1	00000000000000000000000000000000000000000000000000001a0000000000
             6715000	1	   34	    3	    1	00001c48b13c775b25532286761f00002336a119363870ad9200001324a38b7b
             6725000	1	   35	    3	    1	45ab002e004b721d1100000000404d0001a414220000544243005a210e951e29
             6735000	1	   36	    3	    1	9090ba8a6cf1c2aed4cf6756336efba280b61dbecd92f78d2ecebfdaaff9b254
             6745000	1	   37	    3	    1	623300321225001e00003100001400008000007900000b492d0030003e4e0000
             6755000	1	   38	    3	    1	34004c0d00051f00050000003100020d0400152d00003382000000020000062f
             6765000	1	   39	    3	    1	000e00394a014117702c279182213f0400289465d740003c4c4d07502b2b5f2a
             6775000	1	   40	    3	    1	0000000000000000000000000000000000000000000000000000000000000000
             6785000	1	   41	    3	    1	0f3a6d86002d2a46306569000900000000006b6c521c465eba00006100003108
             6795000	1	   42	    3	    1	1414005a2d3800002600060063010000001300280d271b190c04000223000f0f
             6805000	1	   43	    3	    1	30a6380027aa2f32247a002111009b6758355f009e600f00514c73433c5c4c5a
             6815000	1	   44	    3	    1	000000000d0000370000001f003e381329000c00000000000000000000000000
             6825000	1	   45	    3	    1	259644945bdc4662c7005003748168205a9028ff6e416ebeff43b0409b6392ce
             6835000	1	   46	    3	    1	0000000000000000000000000000000000000000000000000000000000000000
             6845000	1	   47	    3	    1	0a00000000000000000000000000000000000000000000000000000000000000
             6855000	1	   48	    3	    1	6f374e0000275f1700000000004b84a0b1351d000000bf000029007125095c00
             6865000	1	   49	    3	    1	0b00140000031700280000462a005a000025002c00002e000006000000000071
             6875000	1	   50	    3	    1	0000000000000000000000000000000000000000000000000000000000000000
             6885000	1	   51	    3	    1	472c0000000000000000000000000000000000000000000000006f0416230000
             6895000	1	   52	    3	    1	00000005000000002c4c2a630006000000000000000000000000230000000007
             6905000	1	   53	    3	    1	0000000000000000000000000000000000000000000000000000000000000000
             6915000	1	   54	    3	    1	4500001a000000460300460000005b39005a002100000003000c00000000001c
             6925000	1	   55	    3	    1	a9d8a16f1b1a4cb600620000000000676600ab010f565f811400a27927899a00
             6935000	1	   56	    3	    1	0000000000000000000000000d00000000000000002c12000000000000000000
             6945000	1	   57	    3	    1	0000000000000000000000000000000000000000000000000000000000000000
             6955000	1	   58	    3	    1	27342a56942e8c9597244d6c694a70755971adbe4e6e4d62bbad6abdab57983e
             6965000	1	   59	    3	    1	0000001f0000020017001b005800000000030063000000690000003800009000
             6975000	1	   60	    3	    1	0000000000000000000000000000000000000000000000000000000000000000
             6985000	1	   61	    3	    1	000000004011000000000026001b2a00001800003e1900003755000032000014
             6995000	1	   62	    3	    1	47a96aee857dab5a48559296a67b9880c650de8b7d7ba14ec2832b745944435c
             7005000	1	   63	    3	    1	0000000000000000000000000000000000000000000000000000000000000000
             7015000	1	   64	    3	    1	0000000007000000000000000000000000000000000000000000000000000000
             7025000	0	    0	    0	    0	0000000000000000000000000000000000000000000000000000000000000000
             7495000	1	   65	    3	    1	aad1c9ffffd3b4f9fcbeffffcdd354defff4e1ffff8dceffc4e879dcffc17eff
             7505000	1	   66	    3	    1	2d0900004d0000130000000000001500040000000000000000140000003d0016
             7515000	1	   67	    3	    1	0000000000000000000000000000000000000000000000000000000000000002
             7525000	1	   68	    3	    1	085b6f5a72f3797d8816575f2578827947a057803cc3c283cc2d1b18281bb691
             7535000	1	   69	    3	    1	3600007800000026001a74140f000028004900653400003f0000001f00191411
             7545000	1	   70	    3	    1	fbfffffffffffffffffffffffffffffffffffffffffffff5ffffffffffffffaa
             7555000	1	   71	    3	    1	0000000000000000001500000000000000000000000000000000000300000000
             7565000	1	   72	    3	    1	4d0052565c7b005e033196378e3a3b5d5d005a2000b08c3c0e4d4c7227004c00
             7575000	1	   73	    3	    1	0000000000000000000000000000000000000000000000000000000000000000
             7585000	1	   74	    3	    1	00080000000000000000000000000000000000001500000000004e0000420012
             7595000	1	   75	    3	    1	1b89c8ffffdac0ffffdfffffcc8c9c70c3dcb8fffff6c3ffffc1d6a9ffdfffbf
             7605000	1	   76	    3	    1	0000000000000000000000000000000000000000000000000000000000000000
             7615000	1	   77	    3	    1	00595da316865c6163a4606cbf46406f5b407558812844a29f20008c8276957f
             7625000	1	   78	    3	    1	0000000000000000000000000000000000000000000000000000000000000000
             7635000	1	   79	    3	    1	270000001300550000080000000046002226000005000000007406000d550000
             7645000	1	   80	    3	    1	361a0c097d003300050000044000420043188000566352510d4a3d60012d7800
             7655000	1	   81	    3	    1	004c0d2c29533d403572477d007b57b94a19a20065633d0c4832001800001c6d
             7665000	1	   82	    3	    1	6832b6465d55754f416d4831c8545a3d934fa17668aba9b4171f8b6b85758500
             7675000	1	   83	    3	    1	00112e1f6e801e1a47000044028d1c0006381a00025d32698d6a0e001848328f
             7685000	1	   84	    3	    1	0000000000000000000000000000000000000000110000000000000038000000
             7695000	1	   85	    3	    1	00002a001630001d318700480c076d27004809134825002a005b003e0037135c
             7705000	1	   86	    3	    1	0099870a331d606139a7332e4e0b6a0400894d497f0016175600297300623900
             7715000	1	   87	    3	    1	6f47920000270000000000000000000001000000004e60470072003338460000
             7725000	1	   88	    3	    1	002200b7002c8e16262b72001c0042005c00301126003e596138001f0003000f
             7735000	1	   89	    3	    1	00130000000000000000000000000000000000000000000081002c0000000000
             7745000	1	   90	    3	    1	1b98005a004f7f00787453315e1869002200553f893a1500427d77318c4d0048
             7755000	1	   91	    3	    1	00000000003515280000000062480018065e050010220d9a0000001d4f916200
             7765000	1	   92	    3	    1	0200004b11002d6f422b505300252655082a3700002b042500003d422619250b
             7775000	1	   93	    3	    1	e280ffffffcccfffe9ebffffdef3bdfffffffdffecffffc8ca8fffffffecff7e
             7785000	1	   94	    3	    1	43a130705d635f2f0947050065072c000d119200b1666733b2008f00407b7c00
             7795000	1	   95	    3	    1	000000000700001429010000000000000000000001000000005a003200260047
             7805000	1	   96	    3	    1	00262f35004294005156025c2442b52a007aa110430036002e35392e18713d8c
             7815000	1	   97	    3	    1	0000000000000000000000000000000000000000000000000007000000000000
             7825000	1	   98	    3	    1	0a0051160400041e000c1500680032004400415c0009476a0400002900228900
             7835000	1	   99	    3	    1	2fbe7c41534da193649f617422009bf26b67c83983816900284d58b611164600
             7845000	1	  100	    3	    1	0000000000000000000000000000000000000000000000000000000000000000
             7855000	1	  101	    3	    1	6e32251b59040c1d0011270017622a020040195f5d5500001061000019250000
             7865000	1	  102	    3	    1	0000000000000000000000000000000000000000000000000000000000000000
             7875000	1	  103	    3	    1	3e0000000000200000001e040008451b330000380004060000261b0c12000000
             7885000	1	  104	    3	    1	88000000000000350000000000000765001f0007000001120000000000000000
             7895000	1	  105	    3	    1	0000000000000000000000001d00000000000000000400000000000400000000
             7905000	1	  106	    3	    1	0000000000000000000000000000006c00000000000000000000000000000000
             7915000	1	  107	    3	    1	8fba946365148298a8846251000076122c2030fd994648726fad526eb45b6761
             7925000	1	  108	    3	    1	313b07530e602a02140000003714180000476500000b4b502b000e2100008b06
             7935000	1	  109	    3	    1	5400824761a62675860060714c2d5e0f644b009e00b3605400b15d1353784559
             7945000	1	  110	    3	    1	04001b00000000000000002b1000051e00000000003d00000000000000000000
             7955000	1	  111	    3	    1	885a000828002400000000160000000029001300002b00000083000e0b000000
             7965000	1	  112	    3	    1	18250d000000210000281b001907000c4c4400000b00000000003140533c0000
             7975000	1	  113	    3	    1	a41c20002c0000000000000000000200000000390008000000ad000000000000
             7985000	1	  114	    3	    1	00000000000000000000000000000c0000000000000000000000000000000000
             7995000	1	  115	    3	    1	0d000f00000000000000000000003b000000000000001e0000004e0000310000
             8005000	1	  116	    3	    1	00004300040000000000000000005d0000000000000000000000000000002300
             8015000	1	  117	    3	    1	0000000000000000000000000000000000000000000000120000000000000000
             8025000	1	  118	    3	    1	00000032000000000000ab425925003c0021001339000000000000001d000000
             8035000	1	  119	    3	    1	6d180000000000000000000000140010003a0000000000000027000000000000
             8045000	1	  120	    3	    1	0000000000000000000000000000000000000000000000000000000000000000
             8055000	1	  121	    3	    1	1a1a00000000000a000000000011000000400006000000462b00121600009400
             8065000	1	  122	    3	    1	056a66547c5377a26d9440ae6600a688717581003d2e42302c65ba6e42a0600b
             8075000	1	  123	    3	    1	17072439000c0025008579553a4a04a80000270b5c0b1e00000d00574e000000
             8085000	1	  124	    3	    1	304f032319009721592d1e0000314073950010420000510071a01b4756000019
             8095000	1	  125	    3	    1	0026ff068399677261ac37987d26779851597a3432fd9250008c434b339d5e1e
             8105000	1	  126	    3	    1	20342e4c2a1d3f675e3e7260563cc79f8b72752b450061081e254a6f58155d20
             8115000	1	  127	    3	    1	000000000000002a00000e000045190000002b00000014000000000000000200
             8125000	1	  128	    3	    1	000000034105000000850b1a520018000c00610006000000ab00610906001500
             8135000	0	    0	    0	    0	0000000000000000000000000000000000000000000000000000000000000000
             8605000	1	    1	    4	    1	1200001f00000000000000000000000000000000000000000000000000000000
             8615000	1	    2	    4	    1	4f000d0c0000000000002c00150000311a0001a1000000010000007d0f001400
             8625000	1	    3	    4	    1	0000000c001a00000046000000000d0014004800000000511800000000460008
             8635000	1	    4	    4	    1	002466aaad26705977335d5f249a4818415066dde0641370cff20000626b55bf
             8645000	1	    5	    4	    1	2f005f056900473300001b095500003d000832780029002f5111001b1e141900
             8655000	1	    6	    4	    1	0000811f023b4d26005b59054d005847000700000037250001060f1900003300
             8665000	1	    7	    4	    1	c98143a8b23989165a2f31583a557c32d08962604f40ab633b18657d495d7500
             8675000	1	    8	    4	    1	18a06cffe1bdf189e8dca5ffcaffb156c793ff60ffa1bead72e97193b0a462d7
             8685000	1	    9	    4	    1	02160a2b0b443e5a0e4e238d6204512927584200765d1326186e0056092d3d00
             8695000	1	   10	    4	    1	7a436e00ff865bae77714bc04460bc143eee00253f7f07596c578b163b787c6b
             8705000	1	   11	    4	    1	26d9f4ffffffffffffebf2fffffffff0ffffffffffffffffffc8dcd8d4ffffb1
             8715000	1	   12	    4	    1	40000a0000000000000000001800002d003b0000000000000006000076000000
             8725000	1	   13	    4	    1	1300000000000000000000000000000800000000000000000000000000000000
             8735000	1	   14	    4	    1	0000000000000000000000000000000000000000000000000000000000000000
             8745000	1	   15	    4	    1	0050000c00012f3c12342c358d4e3faa5c5058000000003f2112004031000a89
             8755000	1	   16	    4	    1	000031000000000000000000000000000000000f0000000a000000290000190d
             8765000	1	   17	    4	    1	0075f59a5af9789d60f5638dbd9e7ff100ccd07567fe8a4e9014795055ac9460
             8775000	1	   18	    4	    1	001b0000000438000000154100000500120000004b0000000006000000000000
             8785000	1	   19	    4	    1	1f340643a6582b31752f005e00d35557355b402e94816100177667006f80007b
             8795000	1	   20	    4	    1	3220a5118c2d4230555e23214b4c0a7000624b3f3dae8f272500ba0f0d56633c
             8805000	1	   21	    4	    1	0000000000000000000000000000000000000000000000000000000000000000
             8815000	1	   22	    4	    1	2891183d7d37c76e467d6f839041331a466c7b006e7f2e3b37003d09b69e1d4b
             8825000	1	   23	    4	    1	740041cb262a5c2a1c369614a80741299c00999c3623bca53d2c4a86284cac00
             8835000	1	   24	    4	    1	12e5adafbbb87ca58f9020b76645a7717ebfe461c46fa0d5a66b429e4d62acb2
             8845000	1	   25	    4	    1	0069eeb51b8ee5a782a5b7b4b933635f3425ffb1f1beea84a5667baa838eb458
             8855000	1	   26	    4	    1	2c5cc27f077b98211cbd9400d467abc9b1c1ecc8254e82772c07008cb5aa9800
             8865000	1	   27	    4	    1	c74e3f936e006c580c637900250006667030007cb12e8543311946b09a0bd600
             8875000	1	   28	    4	    1	0000b5491c0675390b65955c4f6b0082037d7fa5662e6c0075003c5436ab4800
             8885000	1	   29	    4	    1	0000000000000000000000000000000000000000000000000000000000000000
             8895000	1	   30	    4	    1	00000000000000000000000208443d0000000816000000000000000000000000
             8905000	1	   31	    4	    1	0073ba876565ee43572a49941cb06a75398e8077a78dd545923d304649cc834d
             8915000	1	   32	    4	    1	952622911d72682c2e000b0f46000100a5311200005e52270024206f00516400
             8925000	1	   33	    4	    1	0000000000000000000000000000000000000000000000000000000000000000
             8935000	1	   34	    4	    1	00023a0fa836336962697a952e44a50022481577c633000070a60f0063262e5d
             8945000	1	   35	    4	    1	2e2265654600187236001800004800003703001818001f37003100003f242e53
             8955000	1	   36	    4	    1	174fffcd1cd4995d4665b7ceac5f72904db67d5fecd0e59f875c4b6c2270dc1c
             8965000	1	   37	    4	    1	43250700910000040858001e250002000000030064130021000100003b000050
             8975000	1	   38	    4	    1	0f1c00600000000000002a000033008c120029000000460b00000d0019000000
             8985000	1	   39	    4	    1	002c1a6420987e003a00191f0013be0a2f6d44007b500e0060547c0000934800
             8995000	1	   40	    4	    1	0000000000000000000000000000000000000000000000000000000000000900
             9005000	1	   41	    4	    1	4d0055316f29001218007a091406001565274ec62800005d42150000560e1912
             9015000	1	   42	    4	    1	3b008500040057003e9e00004d0014001800281d002b7900000030a816041d00
             9025000	1	   43	    4	    1	4800319c3a227c822e00377a82173b1a6d003c001c969ead0090004a0013921f
             9035000	1	   44	    4	    1	3200260000000000000000000007260000140000000000220012000000000000
             9045000	1	   45	    4	    1	00828b3dc8376a32d646136e47072b0b007bca89856bbbc1c0486788753874ff
             9055000	1	   46	    4	    1	000000000000000000000000000000000000000000000000000000000000003b
             9065000	1	   47	    4	    1	0100000000000000000000000000000000000000000000000000000000000000
             9075000	1	   48	    4	    1	444c930057357b3b3d5500000000000000010017001f321f2b120021162b2800
             9085000	1	   49	    4	    1	0003000b10073d1c52000019006800140b00000000004600391168000000182c
             9095000	1	   50	    4	    1	0000000000000000000000000000000000000000000000000000000000000000
             9105000	1	   51	    4	    1	3b0000000000000000000000000000000000000000555900001f430000000000
             9115000	1	   52	    4	    1	00000000001e0000000420006a2d072300000000000000000000000500000000
             9125000	1	   53	    4	    1	0000000000000000000000000000000000000000000000000000450000000000
             9135000	1	   54	    4	    1	033000300000000000000000005e0006003b0100060000000000000001000048
             9145000	1	   55	    4	    1	b56632672965344b5e195e1184001f005b0f5f22003e607a000075991c006a00
             9155000	1	   56	    4	    1	020000000000000000000000000000380000000c000000000000000000000036
             9165000	1	   57	    4	    1	0000000000000000000000000000000000000000000000000000000000000000
             9175000	1	   58	    4	    1	086485559758a8376d7974744636773e49a35f5d748fa83b9136985145955601
             9185000	1	   59	    4	    1	0000490000002b00366e000000000e3900000002000000002800002500001a00
             9195000	1	   60	    4	    1	0000000000000000000000000000000000000000000000000000000000000000
             9205000	1	   61	    4	    1	0000065b05000037003e00000000020036000000540800000023090000140000
             9215000	1	   62	    4	    1	97947e6ba3abba78dc6d5298a43b561fb1f3ae8b40446edb75a05cb5ba668170
             9225000	1	   63	    4	    1	0000000000000000000000000000000000000000000000000000000000000000
             9235000	1	   64	    4	    1	1600000000000000000000000000000000000000000000000000000000000000
             9245000	0	    0	    0	    0	0000000000000000000000000000000000000000000000000000000000000000
             9715000	1	   65	    4	    1	a2d171e3fff57fffb77cbfff5affc4affffff2ffff897dffedfb4383e0c6bdff
             9725000	1	   66	    4	    1	080024002400003a0000004f0000000000000000000000240018000000000000
             9735000	1	   67	    4	    1	0000000000000000000000000000000000000000000000000000000000000000
             9745000	1	   68	    4	    1	00b4b7e369a8d56979bb978d9c06006f6362ff4273001c80a520008d705c1a9d
             9755000	1	   69	    4	    1	29002d005f001f2f1412525400496d00782a0004000038181a00254600006900
             9765000	1	   70	    4	    1	d3fffffffffffffffffffffffffffffffffffffffffffffffffff8ffffffffa3
             9775000	1	   71	    4	    1	0000000200000000000000000000000000000000000000000000002100000000
             9785000	1	   72	    4	    1	68713853153a32312e388400421e004f3f7a97d43305047e5800008cbf1c6f30
             9795000	1	   73	    4	    1	0000000000000000000000000000000000000000000000000000000000000000
             9805000	1	   74	    4	    1	000026000000001700000e000000000000000000003400000077000000000005
             9815000	1	   75	    4	    1	12abdee8f6e1ff9bf5ffffffff94ff88bad9ffffffc2e592ffb6baffabb3ee7e
             9825000	1	   76	    4	    1	0000000000000000000000000000000000000000000000000000000000000000
             9835000	1	   77	    4	    1	005701a112a881465d0f00808a00b9007b219c00983e336772a2212a00668b48
             9845000	1	   78	    4	    1	0000000000000000000000000000000000000000000000000000000000000000
             9855000	1	   79	    4	    1	0500231800001100005a000022090000000000000045360000001724002c1100
             9865000	1	   80	    4	    1	610cbe00942aa527441c17000000031d006d0058009a3f000a1c6a4b29ac9e00
             9875000	1	   81	    4	    1	3014138933673f5d611a605d2150694b903973683300005d131f00385c3d2d6c
             9885000	1	   82	    4	    1	6dc17cd137ac6b48005731005c00178b5a63b236368850646e264b6050818b00
             9895000	1	   83	    4	    1	00501a0900a000265b00194f572b0d000071111f1ba14000011b5b0082520071
             9905000	1	   84	    4	    1	000000000000000000000000000000000000000038080000003d000000000000
             9915000	1	   85	    4	    1	0000007b0029004c00002c4f004c2d2106033601060438042400300000305900
             9925000	1	   86	    4	    1	510c74515337001d192700003f495e3e4f460d6d07064d520003290000056500
             9935000	1	   87	    4	    1	3b480066007900274000000000000000000000000d5500000800713317002857
             9945000	1	   88	    4	    1	1f001445230000005f1e6c5585212f006149047a25000d5c400000007a002418
             9955000	1	   89	    4	    1	0000000000000000000001000a0000000000000000000000003a00000b000000
             9965000	1	   90	    4	    1	430000c64e003729420008002f710000920065d241003f6d64311e2415007524
             9975000	1	   91	    4	    1	004100762638001e0e00000000001700000000002e0c00004d0000000000494c
             9985000	1	   92	    4	    1	0000200200000c141a2e47002a5484004b00187b1000340b2b001717000e0f00
             9995000	1	   93	    4	    1	a1a3f683fffeebffddd9ffffffffc3ffc9ffffffb0e6b6ffffc1b7d9ffe2e8d4
            10005000	1	   94	    4	    1	5e2d6a2e2d1b492a37041601a4005c16403b523f3e7a3919009936524b008a00
            10015000	1	   95	    4	    1	000000000000000000000046004900000000000000690c000000110000080000
            10025000	1	   96	    4	    1	00003727744d8f557a0b536011af00036d22000300687d2f1cb54b0011550000
            10035000	1	   97	    4	    1	1d00000000000000000000000000000000000000000000000000000000000000
            10045000	1	   98	    4	    1	0e2a08004a3f242e9445006011004900003a35000500000030007d3a00006e12
            10055000	1	   99	    4	    1	8a0c8eada658574358a5a33c6041d15bb6426c7a750086b5550e1f46000b8e00
            10065000	1	  100	    4	    1	0000000000000000000000000000000000000000000000000000000000000000
            10075000	1	  101	    4	    1	ca00232f9400144d1e1a1710002b1c268d1f00000400831203167a3900005e00
            10085000	1	  102	    4	    1	000d000000000000000000000000000000000000000000000000000000000000
            10095000	1	  103	    4	    1	000e1c0001001e030000001a00000000002a00000000001981002900004c012b
            10105000	1	  104	    4	    1	553a00000000000a0004000800402335380008000000000e0000002d00000006
            10115000	1	  105	    4	    1	0000000000000000000000000000000000000000000000000000000000000000
            10125000	1	  106	    4	    1	0000003300000000000000000000000000000000000000001600000000000000
            10135000	1	  107	    4	    1	304a48d46454237373104c9537161934652a7776f4034f12b83aa95b002f9525
            10145000	1	  108	    4	    1	1b385103004b0024741c660078153e4a00412038001e67000000710e6300461f
            10155000	1	  109	    4	    1	00c3170024ae4d33558d00c3750e7100163dff009f490c04910072443069005b
            10165000	1	  110	    4	    1	001e0000006000000300000000001f0000230d00001306000000840000000013
            10175000	1	  111	    4	    1	6d000200002600091600000007002500001600002f0000000000710002003c00
            10185000	1	  112	    4	    1	320047008800004700490000000000170000005900000022201d000c00003400
            10195000	1	  113	    4	    1	7e3d0002000000080000000000010039000c000000004a000000800000004f00
            10205000	1	  114	    4	    1	0000000000000000000000000000000c00000500000000000000000000000000
            10215000	1	  115	    4	    1	001f000000000000000000000000000000000000000018000000400000000000
            10225000	1	  116	    4	    1	0000260000210000000000000000001f00000000001000000000000000000000
            10235000	1	  117	    4	    1	020000000000000000000000000000000000000000000000000000000000002a
            10245000	1	  118	    4	    1	000000000f15001a00362300004408330b000000020000103d65000027000034
            10255000	1	  119	    4	    1	000023000000000000000000000000000000002b0a0000000000000000000000
            10265000	1	  120	    4	    1	0000000000000000000000000000000000000000000000000000000000000000
            10275000	1	  121	    4	    1	005f3d0000001f00000e000000000000000000000014040025000c0000000000
            10285000	1	  122	    4	    1	03063e3937bc8e4c599e0764ba60e6001d4872009fc13a0600be392143b74400
            10295000	1	  123	    4	    1	6a0000280038003103001d09001b50194113034d75000065005c00334202622d
            10305000	1	  124	    4	    1	000e07362400330d1e256744493a00372054237e8e00000d2e040011ac000000
            10315000	1	  125	    4	    1	09793a4783ec4a538dff21d49043bc584141be046997756370139a694e692056
            10325000	1	  126	    4	    1	29007e00507137573f4900310452a3523d4d0f4156644c3705b6001c00626402
            10335000	1	  127	    4	    1	000000000000000000001f0000000e0d00130000000000000000000012000000
            10345000	1	  128	    4	    1	000000000000070000003100ad0082070000487d2a00001d0062004527006300
            10355000	0	    0	    0	    0	0000000000000000000000000000000000000000000000000000000000000000
            10795000	1	    1	    5	    1	00000000000000000000000000103f0000000000000000000000000000000000
            10805000	1	    2	    5	    1	3b0000007300000004594c00000002633700004500001d286b004e1600000000
            10815000	1	    3	    5	    1	0000000000000021000023312e00220010300000001b50000000450000093a00
            10825000	1	    4	    5	    1	055766206544cb0075a98bd4638157499a8883a5a3949000c93a889151bc8948
            10835000	1	    5	    5	    1	5a0000002a00000005381c190d0e1e1d00226212380000291700300000000000
            10845000	1	    6	    5	    1	000e0b00003506004512136b4a8f460800006c000d0700421500251d1d00050c
            10855000	1	    7	    5	    1	8170b36c7e6e9b846e73c727556b57d6867358847a9b947c7b6b826ab1a9a81e
            10865000	1	    8	    5	    1	79b288e04bdaffaab791ffa2ddff7ea4e4e245ff5bb7c789dbd89dc7effcd539
            10875000	1	    9	    5	    1	4732006e176e002c3142574119003b00431500359b1e091f404e3052481c0800
            10885000	1	   10	    5	    1	30433ac7b86127ff4b0a2c5c69f64f6800882a002c588f8d575c7a292b4f4e7d
            10895000	1	   11	    5	    1	74ffffffffffffe7ffffffffffeaffdfffffffffffffffffffe6e3f6ffffffff
            10905000	1	   12	    5	    1	000000350000003b004900000000003d00000f1f000000000000003d00000000
            10915000	1	   13	    5	    1	0000000000000000000000000000000000000000000000000000000000000009
            10925000	1	   14	    5	    1	0000000000000000000000000000000000000000000000000000000000000000
            10935000	1	   15	    5	    1	5f450005003d2b42755000480f3a2a320b000d0000001f4508102ca730310000
            10945000	1	   16	    5	    1	0000000000000000000000450000000000000000000000000000360000000000
            10955000	1	   17	    5	    1	658e88c2c6fd79a6e7a0997e9389b398979ee830ba59d7ff89746edfab80858b
            10965000	1	   18	    5	    1	000009000000000707004506720f0000000d0036000000000019002b00003927
            10975000	1	   19	    5	    1	045ed0695c9a7f5f0045064f00139439c02656119052322139a2002a36d0751f
            10985000	1	   20	    5	    1	2c24a8513796453d29421c42092a24534300ca08005f48ab0d230d905e1c3440
            10995000	1	   21	    5	    1	00000000000000000800000000000000000000000a0000000000360000000000
            11005000	1	   22	    5	    1	b50062b6de00337185333b3d4286ad4178190747531965af4360504506005109
            11015000	1	   23	    5	    1	4b593433001a9e2b1e1ebf0b7800004e69723da20032521f58496950994ab100
            11025000	1	   24	    5	    1	15e68cff91d97fe9cb858c7784bd764d83f07ba53c4bcfca666439c288859fe3
            11035000	1	   25	    5	    1	467e88a14fbc1a6dea8ff4a5b794366254ba96d6b94a3bbd81876aa4611dc2ab
            11045000	1	   26	    5	    1	6c697d84da80e75098d67e0c46086accdb899f6e8d8eef7b8e35878b6482a800
            11055000	1	   27	    5	    1	850072de7300005c1800791522120053620052c186001baa510b008d00008f16
            11065000	1	   28	    5	    1	4d1b841d883a4415008eaa051d510067d70b2e7d734b515f5d5830005a6a5100
            11075000	1	   29	    5	    1	0000000000000000000000000000000000000000000000000000000000000000
            11085000	1	   30	    5	    1	0000000000000000000000000000007800180000000017000000220000060000
            11095000	1	   31	    5	    1	169aeb9874a78459c34fac6850d731a75bc76b73805584b2a136544c6992b6ec
            11105000	1	   32	    5	    1	855f513a6f7dcb184e2b5d0092001c092b4b0400003a5a006b00aa1295560d00
            11115000	1	   33	    5	    1	00000000000000000000000000000000000c0000000000000000000000000065
            11125000	1	   34	    5	    1	000a004610310f7f359771b9867c6c3f27695d6a72594c6289a01cb20b093555
            11135000	1	   35	    5	    1	1c5d005616410b000056180e3a890085272c2a14007710221c0000547c000054
            11145000	1	   36	    5	    1	66a59bb564df8367af89ea709fba00a84cd274a75d74a3b39d516e74f5b924c7
            11155000	1	   37	    5	    1	8700007d2a3000144e00005c00000046000000013d48003b055b347c45000016
            11165000	1	   38	    5	    1	3e000000371a040079004c0000002229000000003f0000110069000056000023
            11175000	1	   39	    5	    1	000e96464f2bfb1e590019006a5c1e006f6b650c001fa509010021000c799844
            11185000	1	   40	    5	    1	0000000000000000000000000000000000000000000000000000001b00000000
            11195000	1	   41	    5	    1	0a4f000036594a513d6f7259000000a4458c4744058134277d887337b0720043
            11205000	1	   42	    5	    1	200d03002057010057242b00282b00660000191d2d3400001e007e2d02003800
            11215000	1	   43	    5	    1	5b7c2c6400859216290647535c242300005d001b00131a006f006c497a582900
            11225000	1	   44	    5	    1	0d0a001e0000000000000000000a00431907090500000f000000000000000900
            11235000	1	   45	    5	    1	006f506a82eb6716f35f53c300910d631630a471aeef003584a3974889a135d7
            11245000	1	   46	    5	    1	0000000000000000000000000000000000000000000000000000000000000000
            11255000	1	   47	    5	    1	0000000000000000000000000000000000000000000000000000000000000000
            11265000	1	   48	    5	    1	130099633b00002b232c0416310000680000364a05001e1d3e00004814001800
            11275000	1	   49	    5	    1	00380a1300610211000017002a3700000000000022000000002f0000451f0045
            11285000	1	   50	    5	    1	0000000000000000000000000000000000000000000000000000210000000000
            11295000	1	   51	    5	    1	1700001e00000000000000000000000000000000000000000000000000000000
            11305000	1	   52	    5	    1	2100000000000000000000000000080043000000000000100000000000000000
            11315000	1	   53	    5	    1	0000000000000000000000000000000000000000000000000000000000000000
            11325000	1	   54	    5	    1	4c00174a0000110000001400006f004b5100004200001c001b0000001b180018
            11335000	1	   55	    5	    1	9a1c487c845208855f14730038113c46211b202f003f37761243740361131b00
            11345000	1	   56	    5	    1	0000000000000000000000000000000000000000000000260000000000000f69
            11355000	1	   57	    5	    1	0000000000000000000000000000000000000000000000000000000000000000
            11365000	1	   58	    5	    1	1734bd83e70a8b7f38804e21869644318f38678a541f78585648121e2066bc3c
            11375000	1	   59	    5	    1	00001100440027005a000800004b0d3a00002f080000162d2800030000000100
            11385000	1	   60	    5	    1	0000000000000000000000000000000000000000000000000000000000000000
            11395000	1	   61	    5	    1	1600000000001c0000370a1f6c00130064000f2e000000001700002822000000
            11405000	1	   62	    5	    1	38a64f7265988cc9998d74448ca7348a217e6585888a91005380aa6377d25600
            11415000	1	   63	    5	    1	000000000000000000000000000000000000000000000000000000000000000a
            11425000	1	   64	    5	    1	00000000000000000000000000000000000000000000000000000f0000000000
            11435000	0	    0	    0	    0	0000000000000000000000000000000000000000000000000000000000000000
            11905000	1	   65	    5	    1	cef365ffffffa2ffff6fffed2c8f6ac4ffff6ae6ffa294baffffb8abffdeabff
            11915000	1	   66	    5	    1	001100000009001400000600000200000000000000000000000000000200001b
            11925000	1	   67	    5	    1	00000000000000000000000000000000000000000000000000001f0000003400
            11935000	1	   68	    5	    1	4a4d70493494b867f8b5d2b3c8b8a844c16d5ca4335ab1bc7d64af86b2997008
            11945000	1	   69	    5	    1	1500001430130c5a00004e001a9900530036002b005000033a192b0019350028
            11955000	1	   70	    5	    1	fffffffffffffffffffffffff9cfd9fffffffffffffffffffffdffffffffff9a
            11965000	1	   71	    5	    1	000000000000000000000000000000000000001300000014030000000000001a
            11975000	1	   72	    5	    1	4c016a2c400f1a856a459f1218040a763e5e5fac64286d7b6511704b0d128123
            11985000	1	   73	    5	    1	0000000000000000000000000000000000000000000000000100000000000000
            11995000	1	   74	    5	    1	00000000001400000000000b0049000000060000001700000000000000000020
            12005000	1	   75	    5	    1	6c6cd3edd1d9f0a6fbffffffffb7779fff7cfeffffd1b7ffffe5c8f6b3b7ff6f
            12015000	1	   76	    5	    1	0200000000000000000000000000000000000000000000000000000000000000
            12025000	1	   77	    5	    1	002b185824008e00b3103f54976d9b113fab7183101d9516551c56001d51332d
            12035000	1	   78	    5	    1	0000000000000000000000000000000000000000000000000000000000000000
            12045000	1	   79	    5	    1	2700050017000000001800004f050000000000003b052e0000000c2d00000000
            12055000	1	   80	    5	    1	0000b94db97dac793622332a6f48112e002753003365693683057903000f790e
            12065000	1	   81	    5	    1	003684071073a864304a537a1a19b2349557272f15428e3b785760031cb73b00
            12075000	1	   82	    5	    1	854941b6a160637fc93b8a1e971788228da2ab39a1289ab914282f7d6f00ad55
            12085000	1	   83	    5	    1	007d0500342c1c0956ac005c7322531400005700665d3800486c485c0059005f
            12095000	1	   84	    5	    1	0b00000000000000000000020000000000000000000000000000003a00000000
            12105000	1	   85	    5	    1	003a080015421d0000008c001b410a00177d003f1d0801183027000065420069
            12115000	1	   86	    5	    1	129f352b3d37890201790000220004aa7652a8380034b2392a0000bbae420215
            12125000	1	   87	    5	    1	0000380001000000160007114f001c00000035001e0028270000050d00000000
            12135000	1	   88	    5	    1	1e1f001210003e300f97350f663300a0000025472f5750005c6658844e7f0000
            12145000	1	   89	    5	    1	0000000000000000000000180000000000000000002200000008000000000000
            12155000	1	   90	    5	    1	43894225006331000f225700001400434879954b124600320500004e5a0d0064
            12165000	1	   91	    5	    1	000032177d002d005b001f31344f3c000040383b30001b2b3500000007000056
            12175000	1	   92	    5	    1	000095000000000000532b004300196f5501446200292b5800000000002e6c00
            12185000	1	   93	    5	    1	b6dfd5a3ffff9dffaeffebff89cfbfd8e1f4ffdaffea8ff5f1d8c16dcfffab7d
            12195000	1	   94	    5	    1	186c05342f7761314da1134a4f0d463f01166e002ba05c00355262bb11172500
            12205000	1	   95	    5	    1	000000000000000000000800004a0000000000000000000010003800000e0019
            12215000	1	   96	    5	    1	009545001b716c0500841b379044110000512f2b2e2800002a3d00008ea50000
            12225000	1	   97	    5	    1	0000000000000000000000000000000000000000000000000000000000000002
            12235000	1	   98	    5	    1	0000032b380000673813240a37343c3b000049662b0000253d89000000000000
            12245000	1	   99	    5	    1	7962dac84954f2cc06309805552c009dcd60239d0013ef724b2a48b3c4c4ef00
            12255000	1	  100	    5	    1	0000000000000000000000000000000000000000000000000000000000000000
            12265000	1	  101	    5	    1	68443c004b245514002d4f2e1219004300000047001b000018001644ad2c0000
            12275000	1	  102	    5	    1	0b000000000000000000000000000000000000001f0000000000000000000000
            12285000	1	  103	    5	    1	00002c0000000000000000000e360000000018002718000000000000002f001b
            12295000	1	  104	    5	    1	85000f000000006c000028000050003300000000000037330000070000001700
            12305000	1	  105	    5	    1	0000000000000000000000000000000000000042000000000000000000002300
            12315000	1	  106	    5	    1	0000000027000000000000000031180000000000000006000000000000000000
            12325000	1	  107	    5	    1	6516866d3f7e4e2b1651b8516029192fe61a7795304c42b235a60012965b0035
            12335000	1	  108	    5	    1	002e10003a00322841aa00006310018100005c00002755020d3b0e8e00110000
            12345000	1	  109	    5	    1	38146a2d243400708848324b660692174367495a61345a8400874b3110625a14
            12355000	1	  110	    5	    1	000000000000003100000000003d0000000000000000000000010000002b3000
            12365000	1	  111	    5	    1	350328290400003d00000000240000340000000000005700001a0c2e00000000
            12375000	1	  112	    5	    1	060f002e3e000000000000140000090a00014d000000000d0000003b00000000
            12385000	1	  113	    5	    1	560000003500191200000000000000000200000000000a000040005600000000
            12395000	1	  114	    5	    1	00000000000000000000000000001300000000000000000000000000001c0000
            12405000	1	  115	    5	    1	000000000000000000000000180400000000000000000011000000000c000000
            12415000	1	  116	    5	    1	0000000000000000003700000f00000000002800000000000000001e00000000
            12425000	1	  117	    5	    1	000000000000000000000000000a00010000000000002f000000000000000000
            12435000	1	  118	    5	    1	0b000000000000070000003500001500003300004b0000000000000000050000
            12445000	1	  119	    5	    1	6452000001000000000000000000005f19500000000000000400370551000000
            12455000	1	  120	    5	    1	0000000000000000000000000000000000000000000000000000000000000000
            12465000	1	  121	    5	    1	200008009e000a005a0c00090000000000000700000000000000200700000c00
            12475000	1	  122	    5	    1	105373c62739935900253805955790536c7923441864cf17583b555718749a00
            12485000	1	  123	    5	    1	00000600000000200000242d000000161f380073311423001720000000340000
            12495000	1	  124	    5	    1	351211a34306001b00604000000800759f00006b65001d6a637800743f00000c
            12505000	1	  125	    5	    1	003da71d5c5b94c75076429da109ff005651664d6e29ae690cc0478836caa000
            12515000	1	  126	    5	    1	00328a931b53515d0047004426002c674f38624921195e008403001c018c6f00
            12525000	1	  127	    5	    1	00002a000000000500280000000000281a0024030000000a0000000000002300
            12535000	1	  128	    5	    1	000100160000000000350500000000210000485337030000250b006a00006500
            12545000	0	    0	    0	    0	0000000000000000000000000000000000000000000000000000000000000000
            12575000	1	    1	    6	    1	0050000000010000000c000000000600004e0000165d0000000500000443030a
            12585000	1	    2	    6	    1	060000001d000000000000000000000000000000000000000000000000000000
            12595000	1	    3	    6	    1	030000000000000000002b00030c00510009001a000000000f1a07000600001c
            12605000	1	    4	    6	    1	2b539a10a2afe53b948fc9a141442c538431355ed6a5554fb4c8bb7f7cb18a2b
            12615000	1	    5	    6	    1	5739005ea0110092524e68000f3620575637246c7900325a28731d8761006336
            12625000	1	    6	    6	    1	0000150000001008003b372c0a001304000900542e420000126225000c9a0000
            12635000	1	    7	    6	    1	7d5b1b3d46735d695a6f476c952502282e2b140043896741204c909f3603512c
            12645000	1	    8	    6	    1	3e8448003a7a7b285c668d28643d00352e3c502a973e4605431b5f694b744f34
            12655000	1	    9	    6	    1	0000000000000300000000000d0000000022000000003f000000000000000000
            12665000	1	   10	    6	    1	1b9f0020114f0818006314544f6e5a005912662c184b003a2323005999270073
            12675000	1	   11	    6	    1	40ffffc7e8fffff9fffffcfffff3fab7ffffffedb3ffffd4e6bed3f5edffe59a
            12685000	1	   12	    6	    1	7815005c6100000012261a000000553f7d0a000f5f00255a0700007000005900
            12695000	1	   13	    6	    1	0000170000000000000000000000000000000000000000000000000000000000
            12705000	1	   14	    6	    1	0000000000000000000000000000000000000000000000000000000000000000
            12715000	1	   15	    6	    1	0000000000000000000000000000000000000000000000000000000000000000
            12725000	1	   16	    6	    1	0000382b551e00873b0089012f624d200045337a8600214f3fa50000366a2023
            12735000	1	   17	    6	    1	007f5a073797926958917a9c5a4c83273d7f75966186483d698d2d2b7fbc1433
            12745000	1	   18	    6	    1	0a000000000000000000000000000000000000000000000000002e0000000000
            12755000	1	   19	    6	    1	268d857f39e28c81408087d5940c48129ccb2f37a5a37451615d5d574d749454
            12765000	1	   20	    6	    1	009b540018e55b7053764b80753a3d140085770143ae123311613d075497344f
            12775000	1	   21	    6	    1	0000000000000000000000000000000000000000000000000000000000000000
            12785000	1	   22	    6	    1	2b753a7a0050131e002a502556941c6d3c5b75541f4106543300005a641b4d35
            12795000	1	   23	    6	    1	60000717530000574b2150003823003e00001c364d003616001b331700005200
            12805000	1	   24	    6	    1	32c76ba3c4fee5ccd6b7bfb4a2a8926cae7c7d9f7d93ad76cec6989ecbd9576d
            12815000	1	   25	    6	    1	4632588385b577d07895eaa4703724469f6e86f5b1336c5dc4b660528ed34b28
            12825000	1	   26	    6	    1	4036a764c12ebc448c717b355d48a2a663759c866e1e7896732c1c888b2f7b00
            12835000	1	   27	    6	    1	bb5f7797b2c87e769bb5e8d17f6e2c8fa987b3e29f6950a9be5e7a91c763333b
            12845000	1	   28	    6	    1	3d5f43467e047e5b00915e6f7d000c45a18b479a1b1f4248532100998c047417
            12855000	1	   29	    6	    1	0000000000000000000000000000000000000000000000000000000000000000
            12865000	1	   30	    6	    1	000000000000000800000000000213000f006300240000380000000000000047
            12875000	1	   31	    6	    1	3dafa852a7d0e6aeafc7bdffc6ac6c45b59577849db1ba84b093a4819ade6086
            12885000	1	   32	    6	    1	1f000000280000061b0000001339003000000000000030000000210800000100
            12895000	1	   33	    6	    1	0000001f0000000b000000000000180014000b0003001f00000000000000000b
            12905000	1	   34	    6	    1	000500000024000000110025000000001f000725241500000412030620520000
            12915000	1	   35	    6	    1	995c00339c881d0892311d11000e5d3d45022600a908004e53434b5e7c350808
            12925000	1	   36	    6	    1	1e6f790b8ea1f890bfb67cded24c7c22736c8d3a8a8aa56289988f7081c24c46
            12935000	1	   37	    6	    1	0000000000120000000000000000000000000000020000000000000000000000
            12945000	1	   38	    6	    1	0000000000000000000000070015000000000000000000000000000000000000
            12955000	1	   39	    6	    1	3bbcdb4d85caff4a7e936d74946e427856836a3431dd7b2a84449789a8d37925
            12965000	1	   40	    6	    1	0000000000000000000000000000000000000000000000000000000000000000
            12975000	1	   41	    6	    1	39000000220000160c00000000000000000000003e0000000039000000000c00
            12985000	1	   42	    6	    1	00000000130000000000190000000c0000000e0b40000013000b000017000000
            12995000	1	   43	    6	    1	000045000e00035527001f00466c002c000f00001a005d05000f210000253711
            13005000	1	   44	    6	    1	4a5d000081212c20336669001c004e6e6342031e61445c684b531f7085000037
            13015000	1	   45	    6	    1	00757c1f47d3ce7c79908ab1ca6978006b4d61247f8a8b268cc0884d2cf7884c
            13025000	1	   46	    6	    1	0000000000000000000000000000000000000000000000000000000000000000
            13035000	1	   47	    6	    1	0000000000000008000000000000000000000000000000000000001600000000
            13045000	1	   48	    6	    1	0000000020000000271f280000002743160000000000207018031a250000000f
            13055000	1	   49	    6	    1	000000000000000000000000000002000e00000000000000000000000000001b
            13065000	1	   50	    6	    1	0000000000000000000000000000000000000000000000000000000000000000
            13075000	1	   51	    6	    1	30472b6367893584180439204b0006000c750300752a38492736023641000054
            13085000	1	   52	    6	    1	00000000000000000000000000000300002e002300000c000000000000000000
            13095000	1	   53	    6	    1	0000000000000000000000000000000000000000000000000000000000000000
            13105000	1	   54	    6	    1	1f28480022005400002702001000002946002f00000010112f00002a0e000919
            13115000	1	   55	    6	    1	5b0000462411003e12000000400000260000200000000000000e0a0330000008
            13125000	1	   56	    6	    1	2f000e2509380030330a2948006400211a00222c0026000a221927000b2e0051
            13135000	1	   57	    6	    1	0000000000000000000000000000000000000000000000000000000000000000
            13145000	1	   58	    6	    1	7ec9a9b1bbc4ffac73f7d1f5e9858598e6a9b2c281bda4b6bc8b76fff289c728
            13155000	1	   59	    6	    1	000c1b0000203c00002131130000003500005c4b00070000302500006c4f0000
            13165000	1	   60	    6	    1	00000000000000000c0000000000001d00120003000000000000440000000000
            13175000	1	   61	    6	    1	192900200003003700203a0006001523013f004e49001e000022115c252d4200
            13185000	1	   62	    6	    1	774203439c190015553f2f00100664376f09000055003c4d34241b692900480a
            13195000	1	   63	    6	    1	0000000000000000000000000000000000000000000000000000000000000009
            13205000	1	   64	    6	    1	0000000000000000000000000000000000000000000000000000000000000000
            13215000	0	    0	    0	    0	0000000000000000000000000000000000000000000000000000000000000000
            13565000	1	   65	    6	    1	53776483b9bc9b897c6496924c75321fb9593477946c6e46b9845134929106b1
            13575000	1	   66	    6	    1	001300000000000000000000000000000000000000000000002700000300005b
            13585000	1	   67	    6	    1	0000000000000000000000000000000000000000000000000000000000000000
            13595000	1	   68	    6	    1	15000000000000010e1346000c00005d0000005900001b001920471b04272e00
            13605000	1	   69	    6	    1	1906000d000000000029001a2c07110037007e00000000340000005455000027
            13615000	1	   70	    6	    1	b4ffffffffffffffffffffffffc7fffffffffffffff1ffffffffd2ffffedffa2
            13625000	1	   71	    6	    1	00000000000012000400002d223600000000312b000000000000120000121300
            13635000	1	   72	    6	    1	5500161f5d40002c4a4f6c24002c0071410882642b160067382114185a02013f
            13645000	1	   73	    6	    1	0000000000000000000000000000000000000000000000000000050000000000
            13655000	1	   74	    6	    1	0800000023000005000000000c144e0000001a0e70000000161c000039330013
            13665000	1	   75	    6	    1	23875a1f1ba0e34360debeb9de322531808ebec73992982c7b5d90c59fb66204
            13675000	1	   76	    6	    1	0000000000000000000000000000000000000000000000000000000000000030
            13685000	1	   77	    6	    1	328aa05f9c8ef166cb8a8a308c8c776b506b4b465f86c7288277c6a057c0a31b
            13695000	1	   78	    6	    1	00000000000000000000000000000e0000000000000000000000000000000000
            13705000	1	   79	    6	    1	00010000000000000000000600001714002800000000002d000000051d000000
            13715000	1	   80	    6	    1	336e70247b3e554f26412a647a8b2b120d506c3d0e14045c10250358a3460c2c
            13725000	1	   81	    6	    1	0d000a0000000003000015000800003a0030001c0000000000000000000b2906
            13735000	1	   82	    6	    1	a07f79bdfbb0fad1e3b0cb8997945cae667d52b477a4b073dacbdde3c9916119
            13745000	1	   83	    6	    1	0002250000001600030f00491d055e000000000016040500000a1e0000424200
            13755000	1	   84	    6	    1	0000000000001200000000000000000000000000000000000000000000000000
            13765000	1	   85	    6	    1	0028360304252d630f471a6320270e322b4c38361f6115232c471406447a2546
            13775000	1	   86	    6	    1	1b5e2f009e9a782fb35e19180000854300092e006d7d1c43156e604443272800
            13785000	1	   87	    6	    1	052200000c7c00135028255d0d0f000000441b1a1340000d005157001d2b0021
            13795000	1	   88	    6	    1	1200000000000000000000000000230005001b00340000000000001800002900
            13805000	1	   89	    6	    1	00000000000000000000000000000000000000000e0000000000000000005200
            13815000	1	   90	    6	    1	aa512ca9dbe55cabff4a64300e42196d855c540cb45f5f596275b95d6766877c
            13825000	1	   91	    6	    1	1e5c6e214ecbb34f959997ac4b683d75444582616acd3c65a0b9bc80b1c92f2b
            13835000	1	   92	    6	    1	5a000044005100221a6e58421b00006e593298501a3b006c1f1c075b5d001010
            13845000	1	   93	    6	    1	74867c9ee09b70bf76e2bba86f4d799df7a9ccd68a726abea2950fa0f56d688e
            13855000	1	   94	    6	    1	2a00452d642a782e3800000024001c000000000020000e00043a261b002e4200
            13865000	1	   95	    6	    1	000102000000001000000052341d0000002a10070d2b0000000a0000002f0059
            13875000	1	   96	    6	    1	4418192d430003255022001c000054405547000068005d5b0c0c4e6b0e025f00
            13885000	1	   97	    6	    1	0015000000000000000000000005000000000000000000000000000000000000
            13895000	1	   98	    6	    1	0021000000200000002a00000000170016004100000000000000003600191700
            13905000	1	   99	    6	    1	0e00000000050000001b41001000006500003500113d00291d09000000000008
            13915000	1	  100	    6	    1	0000000000000000000000000000000000000000000000000000000000000026
            13925000	1	  101	    6	    1	120000000022001b000000000000000800000000042d001400350b0200000000
            13935000	1	  102	    6	    1	0000000000000000000000000009020000000000000000000000320000000000
            13945000	1	  103	    6	    1	4672005d5d4a315e4b7a4a627d462b536d74324004574a4b5c55437a751b3f6b
            13955000	1	  104	    6	    1	0000002600050000000000000000003c0000040000000010000000003d000033
            13965000	1	  105	    6	    1	15170000141f000c2d454e000001007c17000b120048362b2e0e421f0809001d
            13975000	1	  106	    6	    1	0000210000005500001516352900004a1d06001c007e0000371a1b0000006900
            13985000	1	  107	    6	    1	5f7a008546b897835d803b769f00000d718a3732006e4d004c5b768a78506d35
            13995000	1	  108	    6	    1	05000600000000000000000000003e0000001b00000000000000000000000000
            14005000	1	  109	    6	    1	00590066006d004a003a130016000700233e2815000e48000004005700052820
            14015000	1	  110	    6	    1	0000210000000000000d0000000000000000000000270000000000000000000a
            14025000	1	  111	    6	    1	3c00003a07030000000000000000000003000000000000000000000000000000
            14035000	1	  112	    6	    1	001900426f62014f57456134000e743d464244766c241972558f002d6c01003c
            14045000	1	  113	    6	    1	00041f2b00200000000000190000000000000000000000000000000000000000
            14055000	1	  114	    6	    1	00000000000000000000000000002b0000000000000000000000000000000000
            14065000	1	  115	    6	    1	3726001900110000321900001a001d0000001c00000024000000326900002300
            14075000	1	  116	    6	    1	0000000000000000000000000000000000000000000000000000000000000000
            14085000	1	  117	    6	    1	0000000000000000000000000000000000000000000000000000000000000015
            14095000	1	  118	    6	    1	0d0004202900000000133e00000018534209026556000023552900004200001d
            14105000	1	  119	    6	    1	000000003d000000000000000000000000000000080000000000000000000003
            14115000	1	  120	    6	    1	0000000000000000000000000000000000000000200000000000000000000004
            14125000	1	  121	    6	    1	00002f002f0967000000000d002700300000000b00290014351e1e2040000000
            14135000	1	  122	    6	    1	004258001a003f00002f300040102717006b4f18270045150000003c08002b0a
            14145000	1	  123	    6	    1	552378309183444d6b748f7948002f4667765b57964e2159706d330063522e52
            14155000	1	  124	    6	    1	0a00000000000000000000000000000060000023000000000000000000002300
            14165000	1	  125	    6	    1	00190015004a004300353e4933041c1b005a1a30066a0b0b00421500001a3500
            14175000	1	  126	    6	    1	003b82296a4e802d547071516811832c6b6c4f303f1fa874583d215c3d252f28
            14185000	1	  127	    6	    1	50000c05001e4100004a393313000034730621151d2d292625001e5d32002e00
            14195000	1	  128	    6	    1	0000200000000000000000000000000002000020000032000000000000002700
