    x	    x	    x	xxxxxxxxxxxxxxxxxxxxxxxxxxxxxxxxxxxxxxxxxxxxxxxxxxxxxxxxxxxxxxxxxxxxxxxxxxxxxxxxxxxxxxxxxxxxxxxxxxxxxxxxxxxxxxxxxxxxxxxxxxxxxxxxxxxxxxxxxxxxxxxxxxxxxxxxxxxxxxxxxxxxxxxxxxxxxxxxxxxxxxxxxxxxxxxxxxxxxxxxxxxxxxxxxxxxxxxxxxxxxxxxxxxxxxxxxxxxxxxxxxxxxxxxxxxxxxxx
    0	    0	    0	xxxxxxxxxxxxxxxxxxxxxxxxxxxxxxxxxxxxxxxxxxxxxxxxxxxxxxxxxxxxxxxxxxxxxxxxxxxxxxxxxxxxxxxxxxxxxxxxxxxxxxxxxxxxxxxxxxxxxxxxxxxxxxxxxxxxxxxxxxxxxxxxxxxxxxxxxxxxxxxxxxxxxxxxxxxxxxxxxxxxxxxxxxxxxxxxxxxxxxxxxxxxxxxxxxxxxxxxxxxxxxxxxxxxxxxxxxxxxxxxxxxxxxxxxxxxxxxx
    1	    1	    1	xxxxxxxxxxxxxxxxxxxxxxxxxxxxxxxxxxxxxxxxxxxxxxxxxxxxxxxxxxxxxxxxxxxxxxxxxxxxxxxxxxxxxxxxxxxxxxxxxxxxxxxxxxxxxxxxxxxxxxxxxxxxxxxxxxxxxxxxxxxxxxxxxxxxxxxxxxxxxxxxxxxxxxxxxxxxxxxxxxxxxxxxxxxxxxxxxxxxxxxxxxxxxxxxxxxxxxxxxxxxxxxxxxxxxxxxxxxxxxxxxxxxxxxxxxxxxxxx
    1	    1	    1	0000000000000000000000000000000000000000000000000000000000000000000000000000000000000000000000000000000000000000000000000000000000020002000200020002000200020002000200020002000200020002000200020002000200020002000200020002000200020002000200020002000200020002
   65	    1	    1	0000000000000000000000000000000000000000000000000000000000000000000000000000000000000000000000000000000000000000000000000000000000020002000200020002000200020002000200020002000200020002000200020002000200020002000200020002000200020002000200020002000200020002
    1	    1	   33	0000000000000000000000000000000000000000000000000000000000000000000000000000000000000000000000000000000000000000000000000000000000020002000200020002000200020002000200020002000200020002000200020002000200020002000200020002000200020002000200020002000200020002
   65	    1	   33	0000000000000000000000000000000000000000000000000000000000000000000000000000000000000000000000000000000000000000000000000000000000020002000200020002000200020002000200020002000200020002000200020002000200020002000200020002000200020002000200020002000200020002
    1	    1	   65	0000000000000000000000000000000000000000000000000000000000000000000000000000000000000000000000000000000000000000000000000000000000020002000200020002000200020002000200020002000200020002000200020002000200020002000200020002000200020002000200020002000200020002
   65	    1	   65	0000000000000000000000000000000000000000000000000000000000000000000000000000000000000000000000000000000000000000000000000000000000020002000200020002000200020002000200020002000200020002000200020002000200020002000200020002000200020002000200020002000200020002
    1	    1	   97	0000000000000000000000000000000000000000000000000000000000000000000000000000000000000000000000000000000000000000000000000000000000020002000200020002000200020002000200020002000200020002000200020002000200020002000200020002000200020002000200020002000200020002
   65	    1	   97	0000000000000000000000000000000000000000000000000000000000000000000000000000000000000000000000000000000000000000000000000000000000020002000200020002000200020002000200020002000200020002000200020002000200020002000200020002000200020002000200020002000200020002
    1	    2	    1	0000000000000000000000000000000000000000000000000000000000000000000000000000000000000000000000000000000000000000000000000000000000020002000200020002000200020002000200020002000200020002000200020002000200020002000200020002000200020002000200020002000200020002
   65	    2	    1	0000000000000000000000000000000000000000000000000000000000000000000000000000000000000000000000000000000000000000000000000000000000020002000200020002000200020002000200020002000200020002000200020002000200020002000200020002000200020002000200020002000200020002
    1	    2	   33	0000000000000000000000000000000000000000000000000000000000000000000000000000000000000000000000000000000000000000000000000000000000020002000200020002000200020002000200020002000200020002000200020002000200020002000200020002000200020002000200020002000200020002
   65	    2	   33	0000000000000000000000000000000000000000000000000000000000000000000000000000000000000000000000000000000000000000000000000000000000020002000200020002000200020002000200020002000200020002000200020002000200020002000200020002000200020002000200020002000200020002
    1	    2	   65	0000000000000000000000000000000000000000000000000000000000000000000000000000000000000000000000000000000000000000000000000000000000020002000200020002000200020002000200020002000200020002000200020002000200020002000200020002000200020002000200020002000200020002
   65	    2	   65	0000000000000000000000000000000000000000000000000000000000000000000000000000000000000000000000000000000000000000000000000000000000020002000200020002000200020002000200020002000200020002000200020002000200020002000200020002000200020002000200020002000200020002
    1	    2	   97	0000000000000000000000000000000000000000000000000000000000000000000000000000000000000000000000000000000000000000000000000000000000020002000200020002000200020002000200020002000200020002000200020002000200020002000200020002000200020002000200020002000200020002
   65	    2	   97	0000000000000000000000000000000000000000000000000000000000000000000000000000000000000000000000000000000000000000000000000000000000020002000200020002000200020002000200020002000200020002000200020002000200020002000200020002000200020002000200020002000200020002
    1	    3	    1	0000000000000000000000000000000000000000000000000000000000000000000000000000000000000000000000000000000000000000000000000000000000020002000200020002000200020002000200020002000200020002000200020002000200020002000200020002000200020002000200020002000200020002
   65	    3	    1	0000000000000000000000000000000000000000000000000000000000000000000000000000000000000000000000000000000000000000000000000000000000020002000200020002000200020002000200020002000200020002000200020002000200020002000200020002000200020002000200020002000200020002
    1	    3	   33	0000000000000000000000000000000000000000000000000000000000000000000000000000000000000000000000000000000000000000000000000000000000020002000200020002000200020002000200020002000200020002000200020002000200020002000200020002000200020002000200020002000200020002
   65	    3	   33	0000000000000000000000000000000000000000000000000000000000000000000000000000000000000000000000000000000000000000000000000000000000020002000200020002000200020002000200020002000200020002000200020002000200020002000200020002000200020002000200020002000200020002
    1	    3	   65	0000000000000000000000000000000000000000000000000000000000000000000000000000000000000000000000000000000000000000000000000000000000020002000200020002000200020002000200020002000200020002000200020002000200020002000200020002000200020002000200020002000200020002
   65	    3	   65	0000000000000000000000000000000000000000000000000000000000000000000000000000000000000000000000000000000000000000000000000000000000020002000200020002000200020002000200020002000200020002000200020002000200020002000200020002000200020002000200020002000200020002
    1	    3	   97	0000000000000000000000000000000000000000000000000000000000000000000000000000000000000000000000000000000000000000000000000000000000020002000200020002000200020002000200020002000200020002000200020002000200020002000200020002000200020002000200020002000200020002
   65	    3	   97	0000000000000000000000000000000000000000000000000000000000000000000000000000000000000000000000000000000000000000000000000000000000020002000200020002000200020002000200020002000200020002000200020002000200020002000200020002000200020002000200020002000200020002
    1	    4	    1	0000000000000000000000000000000000000000000000000000000000000000000000000000000000000000000000000000000000000000000000000000000000020002000200020002000200020002000200020002000200020002000200020002000200020002000200020002000200020002000200020002000200020002
   65	    4	    1	0000000000000000000000000000000000000000000000000000000000000000000000000000000000000000000000000000000000000000000000000000000000020002000200020002000200020002000200020002000200020002000200020002000200020002000200020002000200020002000200020002000200020002
    1	    4	   33	0000000000000000000000000000000000000000000000000000000000000000000000000000000000000000000000000000000000000000000000000000000000020002000200020002000200020002000200020002000200020002000200020002000200020002000200020002000200020002000200020002000200020002
   65	    4	   33	0000000000000000000000000000000000000000000000000000000000000000000000000000000000000000000000000000000000000000000000000000000000020002000200020002000200020002000200020002000200020002000200020002000200020002000200020002000200020002000200020002000200020002
    1	    4	   65	0000000000000000000000000000000000000000000000000000000000000000000000000000000000000000000000000000000000000000000000000000000000020002000200020002000200020002000200020002000200020002000200020002000200020002000200020002000200020002000200020002000200020002
   65	    4	   65	0000000000000000000000000000000000000000000000000000000000000000000000000000000000000000000000000000000000000000000000000000000000020002000200020002000200020002000200020002000200020002000200020002000200020002000200020002000200020002000200020002000200020002
    1	    4	   97	0000000000000000000000000000000000000000000000000000000000000000000000000000000000000000000000000000000000000000000000000000000000020002000200020002000200020002000200020002000200020002000200020002000200020002000200020002000200020002000200020002000200020002
   65	    4	   97	0000000000000000000000000000000000000000000000000000000000000000000000000000000000000000000000000000000000000000000000000000000000020002000200020002000200020002000200020002000200020002000200020002000200020002000200020002000200020002000200020002000200020002
    1	    5	    1	0000000000000000000000000000000000000000000000000000000000000000000000000000000000000000000000000000000000000000000000000000000000020002000200020002000200020002000200020002000200020002000200020002000200020002000200020002000200020002000200020002000200020002
   65	    5	    1	0000000000000000000000000000000000000000000000000000000000000000000000000000000000000000000000000000000000000000000000000000000000020002000200020002000200020002000200020002000200020002000200020002000200020002000200020002000200020002000200020002000200020002
    1	    5	   33	0000000000000000000000000000000000000000000000000000000000000000000000000000000000000000000000000000000000000000000000000000000000020002000200020002000200020002000200020002000200020002000200020002000200020002000200020002000200020002000200020002000200020002
   65	    5	   33	0000000000000000000000000000000000000000000000000000000000000000000000000000000000000000000000000000000000000000000000000000000000020002000200020002000200020002000200020002000200020002000200020002000200020002000200020002000200020002000200020002000200020002
    1	    5	   65	0000000000000000000000000000000000000000000000000000000000000000000000000000000000000000000000000000000000000000000000000000000000020002000200020002000200020002000200020002000200020002000200020002000200020002000200020002000200020002000200020002000200020002
   65	    5	   65	0000000000000000000000000000000000000000000000000000000000000000000000000000000000000000000000000000000000000000000000000000000000020002000200020002000200020002000200020002000200020002000200020002000200020002000200020002000200020002000200020002000200020002
    1	    5	   97	0000000000000000000000000000000000000000000000000000000000000000000000000000000000000000000000000000000000000000000000000000000000020002000200020002000200020002000200020002000200020002000200020002000200020002000200020002000200020002000200020002000200020002
   65	    5	   97	0000000000000000000000000000000000000000000000000000000000000000000000000000000000000000000000000000000000000000000000000000000000020002000200020002000200020002000200020002000200020002000200020002000200020002000200020002000200020002000200020002000200020002
    1	    6	    1	0000000000000000000000000000000000000000000000000000000000000000000000000000000000000000000000000000000000000000000000000000000000020002000200020002000200020002000200020002000200020002000200020002000200020002000200020002000200020002000200020002000200020002
   65	    6	    1	0000000000000000000000000000000000000000000000000000000000000000000000000000000000000000000000000000000000000000000000000000000000020002000200020002000200020002000200020002000200020002000200020002000200020002000200020002000200020002000200020002000200020002
    1	    6	   33	0000000000000000000000000000000000000000000000000000000000000000000000000000000000000000000000000000000000000000000000000000000000020002000200020002000200020002000200020002000200020002000200020002000200020002000200020002000200020002000200020002000200020002
   65	    6	   33	0000000000000000000000000000000000000000000000000000000000000000000000000000000000000000000000000000000000000000000000000000000000020002000200020002000200020002000200020002000200020002000200020002000200020002000200020002000200020002000200020002000200020002
    1	    6	   65	0000000000000000000000000000000000000000000000000000000000000000000000000000000000000000000000000000000000000000000000000000000000020002000200020002000200020002000200020002000200020002000200020002000200020002000200020002000200020002000200020002000200020002
   65	    6	   65	0000000000000000000000000000000000000000000000000000000000000000000000000000000000000000000000000000000000000000000000000000000000020002000200020002000200020002000200020002000200020002000200020002000200020002000200020002000200020002000200020002000200020002
    1	    6	   97	0000000000000000000000000000000000000000000000000000000000000000000000000000000000000000000000000000000000000000000000000000000000020002000200020002000200020002000200020002000200020002000200020002000200020002000200020002000200020002000200020002000200020002
   65	    6	   97	0000000000000000000000000000000000000000000000000000000000000000000000000000000000000000000000000000000000000000000000000000000000020002000200020002000200020002000200020002000200020002000200020002000200020002000200020002000200020002000200020002000200020002
