1 32 8 64
channel    0 - height    0 :  27  74   6  50  40  39  23  59  30  38  37  37   3  40  36  31  40  37  40  32  68   0  53  51  47  14  48  22   6  43  41  55  26  49  39   0  54  55  72  47  83  26  35  51  26  44  25  28  41  67  49  56  42  55  52  27  45  52  44  17  41  52  13  34 
channel    0 - height    1 :  52  34   1  22  41   0  22  37   9  84   1  28  71  65  18  41  13  54  26  10  18   0  27   0   0   0  12  34  48   0  29   0   0  15  54  28   0  19   2  25  28  44   3  35  92  22   0   0  60  29  31   8   5  13  18   3  12  13   0   9   0  15   0   0 
channel    0 - height    2 :  59  41   0  17  38  24  33   0  10  33  32  40  50  19  43  14  13   0   0  50   0   4   0   0  34   6  13   0   9   0   0   0  66  11  12  41  13   0  24  11  11   0  14  25  22  30  32  16  23  40  12  18  14  10   0  39  21   6  31   5   0   0  36   3 
channel    0 - height    3 :  48  22   1  25   0  29  22   0   0  41   0  49   7  24  36  59  33   0   0  13  34  22  36  16   0  34  43  19   0  28   0   0   8  30  37  12  13   0  32  47  39   0  48  15  14   4  11  45  25  10  19   2  32   9  61   8   0  18  43  31  27   9   9  31 
channel    0 - height    4 :  15   0  10  62   0  55   0   0   0   0  21  52  39   6  19  35   0   0   8   0  34   5  39  52  46   0  21  12  15   0  12  29  41   4  49  50  27  35   0  35   2  28  40  19   4  47  23  29  19  53  23   0   0  19  14  56   5  48  23   1   0   9   0   0 
channel    0 - height    5 :  15  50   2   6  18  17  17  23  66  41  44  42  30  37  41  33   0  10  14  11   2   0   0  28  16  31   0   0  19   0   0   5  40  38  15  33   0  18  25   0  60  27  21   8  30   3  34  27   5  37  29  21   3  25  12  17  34  30   0   0  11  21  11   0 
channel    0 - height    6 :  30  54   7  17  30  36   0  22  82  47   0  39  10  25  20   0  23   9   0  14  37   0   4  51  11  36   4  19  23  20  57  26  23  48  51  23  45  16  12  29  14  24  40   0  41   0   0  24  14   3   4  17  64   8   0   7   2  10   3   0   0   0   0   0 
channel    0 - height    7 :   0   0   0   0   0   0   0   0  31  26   0   0   0   4   0   0   0   0   0   0   0   0   0   0   1   7   0   0   0   0   0  10   0   0   0   0   2   0   0   0  18   0   0   9   0  12   0   0   0   0   3   0   6   0  26   0   0   0   0   8   0   0   0   0 
channel    1 - height    0 :  10  24  36  20  30  55  22  63  11  47   0   6  40  28  33  46  14  32  42  43  28  41  44  20  50  15  26   5  59  51  34  45   0  22  22  59   9  33  33  47   6  30  36  11  31  14  46   7  35  47  51  34  50  50  38  20  56  23  50  65  30  18  29  10 
channel    1 - height    1 :   0   0   0  17  31   0  22   0   0   0  22  61  28  28   3  30   9   0  17  23   0  30   0   9   4  15  31  21  39   0  25  19  10   0  44   0  28   5   0  37  13  23  37   0   0   0   0   0  62   5  16   0  10   9   0   1   0  31  35   0  37  10   3   0 
channel    1 - height    2 :   0  71  55   0   0  28  10  56  44   7  13   1  32  54   2  16   2  16  29   4  41   9   0   6  64  37  10  34   2  14  17  25   0   8  24   9  17   0  41  18  20  40   6  24   0  42  20   5   0  35  52  11  45   2  24   0  14   0   3  13  14  35  44  13 
channel    1 - height    3 :   1   7   0  11   0  20  25   3  12  31   4   2   4  25  10   0  17   6  12   0  26   5  14  15   0   7  38  18  24  23   7  29   0   0  13  26   0  34  12   2   0   5  42  23  30  10  40  19  12  47   0  17   2  43  39  20  47  19   0  21   2   0  14  20 
channel    1 - height    4 :   0  20   0  13  34   0   0  42  23   6   0  43  33   7   0   4  22  10   0   5   0  13  16  35  23  17  30  13   0   5  54  18   0  23  57  25  11   0  23   0  14  32  32   0   0   9  11   0  40   4  31  16  29   2   5  48  11  23  41  38   9   0  52   7 
channel    1 - height    5 :   0   0   0   3   4   1  15  50  20  22  19   9  28  25  39   0   1  54  47  35   0   0  20   0  26  53  15   7  52   5   8  37   0  35  30  13   0  27  11  33  22  18   0  20  17  12   0  43  40  26  32  59  33  53  21   0  32   0  42  14  40  32   0  14 
channel    1 - height    6 :   0  19   0  11   9   2  24  69   2  25   8  28   0   0  18  23   5  21  15  37   0   0  18  38   2  11  50  17  48   0   5   0  54  36   4   0   0   0  11  27  16  12  12   8   0   0   0  15   7   0  31  18   0   2  15  18  25  35  38   2   8   0  12  21 
channel    1 - height    7 :   2   0   0   0   0   8   0  13   0   0   0   0  12  18   0   0   0   0   0   0   0   0   0   0   0   0   0   0   0   0   0   0   0   0   0   0   0   0   0   0   0   0   0   5   0  20   0   0   0   0   0  30   0   0   4   0   0   0  10   0   0   1   0   0 
channel    2 - height    0 :  55  23  34  24  28   0   3  23  18  14   0  32  32  13  34  14   2  27  45  39  54  34   0  38   0  21   9  15  10  26  26  45  17  29   0  10   0  33   5  46  37   3   0  40  31  30   7   9  29  14  46  36  26  53   1  32  16  11  23  56  35  28  33   0 
channel    2 - height    1 :  61  17  66  35  39  50  49  65  63  91  28  26  49  59  69  56  41  40   6  54  21  47   0  43  43  39  70  61  21  53  44  49  26  24  74  60  44  39  27  22  62  79  12  63  69  47  26  42  44  75  41  30  45  56  51   0  62  42  31  40  58  42  23   0 
channel    2 - height    2 :  71  28  50  21  74  46  56  36  30  32  47  45  55  36   0  77  29  20  73   4  21  20  38  53  78  62  56  20  71  80  75  48  45  73  59  37  47  62  29  16  43  50  75  76  58  34  42  32  40  75  52  37  31  44  63  25  70  63  29  39  30  48  67   0 
channel    2 - height    3 :  65  43  72  45  55  56  62  10   0  54  21  49  31  51  69  57  66  55  21  61  53  39  39  28  44  95  57  39  37  41 105  28  78  36  45  55  60  32  54  71  21  14  24  82  53  36  54  27  54  53  47  47  56  36  41  30  29  68  59  40  63  15  38   0 
channel    2 - height    4 :  58  34  40  67  50  39  18  64  60  51  86  70  49  12 108  48  42  56  61  58  66  61  50  48  39  63  73  10   0  60  67  21  38  65  62  43  70  52  63  35  36  86  54  92  84  51  83  49 105   9  31  45  48  46  71  42  52   7  64  52  63  34  58   0 
channel    2 - height    5 :  52  38  30  33  81  77  63  49  10  41  41  24  50  49   1  47  76  54  13  32  23  24  42  46  58  60  85  64  36   1  16 107  50  65  73  39  70  65  70  65  55  46  53  49  48  62  38  97  50  39  27  60  26 111  54  70  22  29  19  55  64  62  33   0 
channel    2 - height    6 :  55  43 106  48  33  80  23  69  60  84  79  49  72  54  49  39  56  40  42  57  41  46  33  47  17  61  53  12 103  33  24  65  54  24  50  59  29  33  43  59   0  68  53  55  33  43  33  26  58  23  58  76  19  52  23  33  58  30  50  51  47  22  56   0 
channel    2 - height    7 :  51  38  18  12  16  30  12  11   0  50  37   9  28  35  29  15  44  38  37  20  41  11   9  76  13  10  31  54   0  21  46  23  39  17  40  49  11  19   1  50  27  26  12   7  53  28   5  31  36  22  44  18  50  22  20   8  29  40  55   9  48  26   6   0 
channel    3 - height    0 :   0   0   0   0   0   0   0   0   0   0   0   2   0   0   0  31   0   0   0   0   0   0   0   0   0   0   0   0   0   0   0   0   0  12   0   0   0   0   0   0   0   0   0   3   0   0   0   0   0   0   0   0   0   0   0   0   0   0   0   0   0   0   0   0 
channel    3 - height    1 :   0   0   0   0   0   0   0   0   0   8   0   0   0   0   0   0   0   0   0   0   0   0   0   0   0   0   0   0   0   0   0   0   0   0   0   0   0   0   5   0   0   0   0   0   0   0   0   0   0   0   0   0   0   0   0   0   0   0   0   0   0   0   0   0 
channel    3 - height    2 :  12   0   0   0   0   0   0   0   0   0   0   0   0   0   0   0   0   0   0   0   0   0   0  13   0   0   0   0   0   0   0   0   0   0   0   0   0   0   0   0   0   0   0   0   0   0   0   0   0   0   0   0   0   0   0   0   0   0   0   0   0   0   0   0 
channel    3 - height    3 :   0   0   0   0   0   0   0   0   0   0   0   0   0   0   0   0   0   0   0   2   0   0   0   0   0   0   0   0   0   0  29   0   0   0   0   0   0   0   0   0   0   0   0   0   0   0   0   0   0   0   0   0   0   0   0   0   0   0   0   0   0   0   0   0 
channel    3 - height    4 :   0   0   0   0   0   0   0   0   0   0   0   0   0   0   0   0   0   0   0   0   0   0   0   0   0   0   0   0   0   0   0   0   0   0   0   0   0   0   0   0   0   0   0   0   0   0   0   0   0   0   0   0   0   0   0   0   0   0   0   0   0   0   0   0 
channel    3 - height    5 :   0   0   0   0   0   0   0   0   0   0   0   0   0   0   0   5   1   0   0   0   0   0   0   0   0   0   0   0   0   0   5   0   0   0   0   0   0   0   0   0   0   0   0   0   0   0   0   0   0   0   0   0   0   0   0   0   0   8   0   0   0   0   0   0 
channel    3 - height    6 :   5   0   0   0   0   0   0   0   0   0   0   0   0   0   0   0   0   0   0   0   0   0   0   0   0   0   0   0   0   0   0   0   0   0   0   0   0   0   5   0   0   0   0   0   0   0   0   0   0   0   0   0   0   2   0   0   0   0   0   0   0   0   0   0 
channel    3 - height    7 :   0   0   0   0   0   0   0   0   0   0   0   0   0   0   0   0   0   0   0   0   0   0   0   0   0   0   0   0   0   0   0   0   0   0   0   0   0   0   0   0   0   0   0   0   0   0   0   0   0   0   0   0   0   0   0   0   0   0   0   0   0   0   0   0 
channel    4 - height    0 :  59  63  47  48  61  20  43  38  19  60  32  72  46  28  72  40  41  63  37  27  63  49  53  30  50  66  42  57  33  65  39  18  41  88  41  14  60  41  64  54  32  68  37  59  47  75  49  40  27  49  39  65  51  32  68  41  74   5  92  23  58  50  48   4 
channel    4 - height    1 :  28  40  86  51  46  30  13  36   0  48  27  53  36  60  26  33  48  80  48  49  63  37  39  43   4  34  72  17  45  72  61  32  40  89  52  75  33  49  55  49  19  59  65   7  58  24  58  34  60  12  26  63  80  27  14  58  27  59  37  40  40  83  45   0 
channel    4 - height    2 :  67  37  10  46  96  55  29  53  80  31  36  34  54  53  74  83  22  71  40  41  52  24  59  59  46  42  30  51  93  42  77  46  24  77  64   0   8  62  60  15  43  46  65  42  73  25  42  19  64  60  67  54  21  16  74  41  51  53  50  27  30   2  18  19 
channel    4 - height    3 :  73  52  60  46  88  41  57  64  53  50  29  70  52  15  15  88  56  65  24  28  49  44  25   3  53  39  56  70  40  19  15  64  61  23  59  51  85  41  33  62  35  57  18  33  52  12  75  43  37  52   0  44  37  65  28  15  17  29  53  53  51  36  63   9 
channel    4 - height    4 :  83  28  50  29  46  52  56   8  35  64  49  67  54  52  61  70  48   7  37  44  44  65  44  13  38  26  66  47  66  34  55  49  73  29  32  63  25 111  53  48  73  15  26  90  19  30  61  44  30  63  29  87  63  24  34  37  36  58  32  39  39  52  74   1 
channel    4 - height    5 :  77   6  22  63  62  48  45  37  60  83  60  32  29  53  29  30  19  27  25  49  60  72  26  22  49  40  22  61  57  20  89  15  32  43  57  73  36  30  54  94  47  49  75  28  70  47  79  94  41  55  51  61  41  15  38  49  66  57  42  27  89  38  59   0 
channel    4 - height    6 : 109  42  19  78  72  34  39  49  53  82  28  76  31  19  37  14  31  36  57  37  21  78  58  25  98  25  84  78  80  45  36  36  25  31  44  60  45  40  17  31  50  12  66  26  42  20  47  81  50  40  24  16  41  35  36  67  95  48  69  27  16  63  34   0 
channel    4 - height    7 :  52  32  31   0  40   8  23  29   0  43  13   0  19  29  34  41   3  21  31  36  24  38  16  23  31   6  20  53  36   1  57   8  22  19   3   0  24  42  58  28  12  14  50  34  26  17  27  22  28   5  20  22  11  29   0  22  22  42  33   8   5  28   0   0 
channel    5 - height    0 :   0   0   0   0   0   0   0   0   0   0   0   0   0   0   0   0   0   0   0   0   0   0   0   0   0   0   0   0   0   0   0   0   0   0   0   0   0   0   0   0   0   0   0   0   0   0   0   0   0   0   0   0   0   0   0   0   0   0   0   0   0   0   0   0 
channel    5 - height    1 :  14   0   0   0   0   0   0   0   0   0   0   0   0   0   0   0   0   0   0   0   0   0   0   0   0   0   0   0   0   0   0   0   0   0   0   0   0   0   0   0   0   0   0   0   5   0   0   0   0   0   0   0   0   0   0   0   0   0   0   0   0   0   0   0 
channel    5 - height    2 :   0   0   0   0   0   0   0   0   0   0   0   0   0   0   0   0   0   0   0   0   0   0   0   0   0   0   0   0   0   0   0   0   0   0   0   0   0   0   0   0   0   0   0   0   0   0   0   0   0   0   0   0   0   0   0   0   0   0   0   0   0   0   0   0 
channel    5 - height    3 :   0   0   0   0   0   0   0   0   0   0   0   0   0   0   0   0   0   0   0   0   0   0   0   0   0   0   0   0   0   0   0   0   0   0   0   0   0   0   0   0   0   0   0   0   0   0   0   0   0   0   0   0   0   0   0   0   0   0   0   0   0   0   0   0 
channel    5 - height    4 :   0   0   0   0   0   0   0   0   0   0   0   0   0   0   0   0   0   0   0   0   0   0   0   0   0   0   0   0   0   0   0   0   0   0   0   0   0   0   0   0   0   0   0   0   0   0   0   0   0   0   0   0   0   0   0   0   0   0   0   0   0   0   0   0 
channel    5 - height    5 :  17   0   0   0   0   0   0   0   0   0   0   0   0   0   0   0   0   0   0   0   0   0   0   0   0   0   0   0   0   0   0   0   0   0   0   0   0   0   0   0   0   0   0   0   0   0   0   0   0   0   0   0   0   0   0   0   0   0   0   0   0   0   0   0 
channel    5 - height    6 :  15   0   0   0   0   0   0   0   0   0   0   0   0   0   0   0   0   0   0   0   0   0   0   0   0   0   0   0   0   0   0   0   0   0   0   0   0   0   0   0   0   0   0   0   0   0   0   0   0   0   0   0   0   0   0   0   0   0   0   0   0   0   0   0 
channel    5 - height    7 :  24   0   0   0   3  14   0   0  33   0  34   6   0   0   0   0  11   0   0  40   0   0   0   1   4   0   0   0  25   0   5   0   0  14   0   0  30  13  31   1   0  12   0   6   0   0   0   0   0   6   0   0   0   0   0   0   0   0   0   0   0   9  25   0 
channel    6 - height    0 :  13   0   0   0   0   0   0   0   0   0   0   0   0   0   0   9   0   0   0   0   0   0   0   0   0   0   1   0   0   0   8   0   0   0   0   0   7   0   0   0   0   0   0   0   0   0   0   0   0   0   0   0   0   0   0   0   0   0   0   0   0   1  18   0 
channel    6 - height    1 :   1   0   0   0   0   0   0   0   0   0   0   0   0   0   0   0   0   0   0   0   0   0   0   0   0   0   0   0   0   0   0   0   0   0   0   0   0   0   0   0   0   0   0   0   0   0   0   0   0   0   0   0   0   0   0   0   0   0   0   0   0   0   0   0 
channel    6 - height    2 :  29   0   0   0   0   0   0   0   0   0   0   0   0   0   0   0   0   0   0   0   0   0  10   0   0   0   0   0   0   0   0   0   0   0   0   0   0   0   0   0   0   0   0   0   0   0   0   0   0   0   0   0   0   0   0   0   0   0   0   0   0   0   0   0 
channel    6 - height    3 :   0   0   0   0   0   0   0   0   0   0   0   0   0   0   0   0   0   0   0   0   0   0   0   0   0   0   0   0   0   0   0   0   0   0   0   0   0   0   0   0   0   0   0   0   0   0   0   0   0   0   0   0   0   0   0   0   0   0   0   0   0   0   0   0 
channel    6 - height    4 :   0   0   0   0   0   0   0   0   0   0   0   0   0   0   0   0   0   0   0   0   0   0   0   0   0   0   0   0   0   0   0   0   0   0   0   0   0   0   0   0   0   0   0   0   0   0   0   0   0   0   0   0   0   0   0   0   0   0   0   0   0   0   0   0 
channel    6 - height    5 :   0   0   0   0   0   0   0   0   0   0   0   0   0   0   0   0   0   0   0   0   0   0   0   0   0   0   0   0   0   0   0   0   0   0   0   0   0   0   0   0   0   0   0   0   0   0   0   0   0   0   0   0   0   0   0   0   0   0   0   0   0   0   0   0 
channel    6 - height    6 :   0   0   0   0   0   0   0   0   0   0   0   0   0   0   0   0   0   0   0   0   0   0   0   0   0   0   0   0   0   0   0   0   0   0   0   4   0   0   0   0   0   0   0   0   0   0   0   0   0   0   0   0   0   0   0   0   0   0   0   0   0   0   0   0 
channel    6 - height    7 :   0   0   0   0   0   0   0   0   0   0   0   0   0   0   0   0   0   0   0   0   0   0   0   0   0   0   0   7   0   0   0   0   0   1   0   0   0   0   0   0   0   0   0   0   0   0   0   0   0   0   5   0   0   0   0   0   0   0   0   0   0   0   0   0 
channel    7 - height    0 :  33  10  33  49  64   8  39  23  29  20  17  47  74  43  31  33  40  34  24  18  12  35  25   6  47  41   0  26  41  64  13   2  89   4  50  48   0  52  29   0  32  51  35  39  48  19   3  40   5   6  16  32  13  66  46  31  14  33  32  10  45  16  44  41 
channel    7 - height    1 :  42  38  16   3  24  20   6  22   0  43  77  19  28  41  59  19  19  28  33  23  10  80   0  51  53   2   2  31  56  30  33  49   0  19  43  59  19  42  55   5   0  37   4   2  27  49  36  27  22  18  61  45  29  23  47  24  43  20  33  12  24  69   0  52 
channel    7 - height    2 :  52   0  16  31  49   0  54  26  55   0  16  38  26  31  22  46  31   8  80  21  20  32  21  19  17  17  31  37  56  55  40  33  44  50  53  14  18  38  25  10  53  26  58  30  51  32   0  26   5  43  19   4   0  53  60  25  30  33  37  15  10  23  34  49 
channel    7 - height    3 :  30  13  39  50  56  70  12  75  19  48   3  66  46  36  35   5  18   1  20  25  25   0   0  50  11  66  22   4   3   0  54  44  18  26   7  20  50  34   0  27  45  48   9  52  33  87  50  19  15  44  45   8  40  24  26  45   4  14  53  17  57  27  33  10 
channel    7 - height    4 :  40  52   0  41  14   0  45  22  18  42  38  11  41  24  15   0  18  30  40   0  14   0  61  40  49  27   4  30  24  71  40   0  17   3  30  22  32  43  53  27   8  58  29   0  16  25  65  27  65  43  24  63  36  60  28  18  24  51  17  70   9  30  19  14 
channel    7 - height    5 :  37  37  53  61  51  29  15  10  12   0  46  57  19  47   0  33  36  87   0  44   0  48  43 101  66   4  36  65  58   9  39  40  14  54  30  15  61  49  16  45  33   4  13   0  39  53   0  21  29  43  40  68  33   9  61  58  52  43  67  21   2   7  26  24 
channel    7 - height    6 :  31  56  43  51  21  18   0  65  61  36   6  35  43  45   7   4  13  65  11  27   0  18  23  23  21  45  18   0  13  19  33  34  39  38  38  33  53  52   7  11  49  40  17  27  47  18  46   9  11  18  35  39  65  45  32   0  45  43  33  17  10  17  35  10 
channel    7 - height    7 :  13  27   5  50  49  26  32  28  23  11  31  54  29  15  51  44  34  31  11   0   0  54  30  38  46  16   6  56  19  49  41  20  57  18  11  20  25  24  33  25   9  41  34  14  49  40  33   8  56  33  31  23  19  61  43  50  66  30  65  26  40  16  21   0 
channel    8 - height    0 :  13   0   0  12  27   0   0   1   5   1  20  22   0   7  26  20  17   0   0   0   0   0   0   0   4   0   0   0   5  11  11  20   8   9   0   0   3  10   0   0  13   3   0   0   0   0   0   0   4   0   0  10   0  11  36   5   0   0   0   0   0   5   7   0 
channel    8 - height    1 :   0   0   0   0   0   0   0   0   0   0   0   1   0   0   0   0   0   0   0   0   0   0   0   0   0   0   0   0   0   0  21   0   0   0   0   0   0   0   0   0   0   0   0  30   0   0   0   0   0   0  10   0   0   0   0   0   0   0   0   5   0   0   0   0 
channel    8 - height    2 :   0   0   0   0   0   0   0   0   0   0   0   0   0   1   0   0   0   0   0   0   0   0   0   0   0   0   0   0   0   0   0   0   0   0   0   0  27   0   0   0   0   0   0  10   0   0   0   0   0   0   0   0   0   0   0   0   0   0   0  26   0   0   0   0 
channel    8 - height    3 :   0   0   0   0   0   0  17  15   0   0   0   0   0   0  19   6   0   0   0   0   0   3   0   0   0   0   0   0   0   0   0   0   0   0   0   0   0   0   0   0   0   0   0   0   0   2  15   0   0   0   0   0   0   0   0   0   0   0   0   0   0   0   0   0 
channel    8 - height    4 :   0   0  10   0   0   0  17   0   0  12   0   0   3   0   0   0   0  10   0   0   0   0   0   0   0   0   0   0   6   0   0   0   0   0   0  13  26   0   0   0   0   0   0   0   0   0   0   0   0   1   2   0   2   0   0   0   0   0   0   0   0   0   0   0 
channel    8 - height    5 :   0   0   0   0   0   0   0   0   0   0   0   0  11   0   0   0   0   0   0   0   0   0   0   2   0   0   0   1  10   0   0   0   0   0   0   0   8   0   0   0   0   0   0   0   7   0   0   0   0   0   2   0   0   0   0   0   0   0   0   0   0   0   0   0 
channel    8 - height    6 :   0   0   0   0   0   0   0   0   0   0   0   0   0  12   0   0   0   0   0   0   0   0   0   0   0   0   0   0   0   0   0   0   0   0   0   0   0   0   0   0   0   0   0   0   0   0   0   0   0   0   0   2   0   0   0   0   0   0   0   0   0   0   0   0 
channel    8 - height    7 :   0   0   0   0   0   0   0   0   0   8   0   0   0   0   0   0   0   0   0   0   7   0   0   0   0  22   0   0   0   0   0   0   0   0   0   0   0   0   0   0   0   0   0   0   0   0   0   0   0   0   0   0   0   0   0   0   0   0   0   0   0   0   0   7 
channel    9 - height    0 :   0   0   0   0   0   0   0   0   0   0   0   0   0   0   0   0   0   0   0   0   0   0   0   0   0   0   0   0   0   0   0   0   0   0   0   0   0   0   0   0   0   0   0   0   0   0   0   0   0   0   0   0   0   0   0   0   0   0   0   0   0   0   0   0 
channel    9 - height    1 :   0   0   0   0   0   0   0   0   0   0   0   0   0   0   0   0   0   0   0   0   0   0   0   0   0   0   0   0   0   0   0   0   0   0   0   0   0   0   0   0   0   0   0   0   0   0   0   0   0   0   0   0   0   0   0   0   0   0   0   0   0   0   0   0 
channel    9 - height    2 :   0   0   0   0   0   0   0   0   0   0   0   0   0   0   0   0   0   0   0   0   0   0   0   0   0   0   0   0   0   0   0   0   0   0   0   0   0   0   0   0   0   0   0   0   0   0   0   0   0   0   0   0   0   0   0   0   0   0   0   0   0   0   0   0 
channel    9 - height    3 :   0   0   0   0   0   0   0   0   0   0   0   0   0   0   0   0   0   0   0   0   0   0   0   0   0   0   0   0   0   0   0   0   0   0   0   0   0   0   0   0   0   0   0   0   0   0   0   0   0   0   0   0   0   0   0   0   0   0   0   0   0   0   0   0 
channel    9 - height    4 :   0   0   0   0   0   0   0   0   0   0   0   0   0   0   0   0   0   0   0   0   0   0   0   0   0   0   0   0   0   0   0   0   0   0   0   0   0   0   0   0   0   0   0   0   0   0   0   0   0   0   0   0   0   0   0   0   0   0   0   0   0   0   0   0 
channel    9 - height    5 :   0   0   0   0   0   0   0   0   0   0   0   0   0   0   0   0   0   0   0   0   0   0   0   0   0   0   0   0   0   0   0   0   0   0   0   0   0   0   0   0   0   0   0   0   0   0   0   0   0   0   0   0   0   0   0   0   0   0   0   0   0   0   0   0 
channel    9 - height    6 :   0   0   0   0   0   0   0   0   0   0   0   0   0   0   0   0   0   0   0   0   0   0   0   0   0   0   0   0   0   0   0   0   0   0   0   0   0   0   0   0   0   0   0   0   0   0   0   0   0   0   0   0   0   0   0   0   0   0   0   0   0   0   0   0 
channel    9 - height    7 :   0   0   0   0   0   0   0   0   0   0   0   0   0   0   0   0   0   0   0   0   0   0   0   0   0   0   0   0   0   0   0   0   0   0   0   0   0   0   0   0   0   0   0   0   0   0   0   0   0   0   0   0   0   0   0   0   0   0   0   0   0   0   0   0 
channel   10 - height    0 :  29  26  11   9   0   9  12   0  19  27  19  20  12   0  11  22   0  34  12   7   0  25  30  17  31  10   0   0   7  31  64  13   0  24  15  35   2  17   0  14   0  32  32  21  40  32  30   0  23  14  20   0   3  19  25   0   0   0   9   0  41  16  11   8 
channel   10 - height    1 :  49  19  57  24  75  85  50  45  58  31  51   0   0  59  64  60  45  12  46  41  19  38  50  43  44  74  63   5  51  76   8 102  32  56  53  30  55  56  50  51  65   7  74   4  33  48  51  23  10  23  54  76  63  67  38  49  10  61  16  55  72  23  37   6 
channel   10 - height    2 :  52   0  48  70  56  49  57  45  51  32  69  59  36 101  53  41  38  83  56  78  61  76  53  41  64  91  80  34  62  39  53  47  55  12  47  60  42  55  22   0  52  97  63  38  62  50  32  59  54  62  62   7  22  70  45   5  57   6   8  39  55  17  44  52 
channel   10 - height    3 :  88  29  62  22  76  68  79  65  11  52  49  26  48  60  60  24  52  44  43  63  13  15  37   9  94  45  62  26  71  71  50  69  44  22  77  73  34  50  34  28  51  41  40  24  33  29  54  61  33  20  58  34  80  39  42  54  75  71  53  28  52  39  44  33 
channel   10 - height    4 :  56  60  53  39 100  32  29   9  25  31  68  63  44  82  73  57  72  41  36  29   0  64  21  16  53  28  35  64  70  49  79  32  37  54  15  50  70  30  73  34  80  36  39  59  84  34  50   0  17  84  51  43  66   0  51  19  45  72  52  27  39  68   9  35 
channel   10 - height    5 :  60  35  56   3  79  88  59  44  15  49  20  62  74  15  22  49  30  21  71  12  51  52  72  44  46  17  83  34  47  46  40  62  51  54  53  47  61  66  56  75  40  47  50  69  46  71  22   0  57  23  76  25  72  38  54  23  18  47  77  63  53  42  55  19 
channel   10 - height    6 :  14  50  14  34  80  68  50  51   8  69  53  53  80  62  22  59  61  55  50  32  47  36  60  24  50  53  55  20  48  23  53   9  60  47  33  26  62  11  46  79  55  51  27  27  21  11  43  72  62  41  41  59  28  90  51  41  45  50  65  37  39  55  36  26 
channel   10 - height    7 :  37  81  61  25  28   2   0  48   9   5  20  66   7  27  41  17  29  53  40  47   5  19   9  17  33  50  30  32  12  53  32   8  34  51  29   3  57  46  31  63   8   0  19  46  24  30  32  45  17  50  18  11  37   0   6  36   2  20   5  46   9  26  40  39 
channel   11 - height    0 :   0   0   0   0   0   0   0   0   0   0   0   0   0   0   0   0   0   0   0   0   0   0  11   0   0   0   0   0   0   0   0   0   0   0   0   7   0   0   0   0   0   0   0   0   0   0   0   0   0   0   0   0   0   0   0   0   0   0   0   0   0   8   0   0 
channel   11 - height    1 :   0   0   0   0   0   0   0   0  15   0   0   0   0   0   0   0   0   0   0   0   0   0   0   0   0   8   0   0   0   0   0   0   0   0   0   0  20   0  12  22   0   0   0   6   0   0   8   0   0   0   0   0   0   0   0   0   0   0   0   0   0   0   0   0 
channel   11 - height    2 :   0   0   0   0   0   0   0   0   0   0   0   0   0   0  39   0   0   0   0   0   0   6   0   0   0   1   0   0   0   0   4   0   9   0   0   0   0   0   0   0   0   0   0   0   0   0   0   0   0   0   0   0   0  29  14   0   0   0   0   0   0   0   0   0 
channel   11 - height    3 :   0   0   0   0   0   0   0   0   0   0   0   0   0   0   0   0   0  13   0   0   0   0   0   0   1   0   0   4   0  24   0   6   0   0   0   0   0   9   0   0   0   0   0   0   0   0   0  17  27   0   0   0   0   0   0   0   5   0   0   0   0   0   0   0 
channel   11 - height    4 :   0   0   0   0   0   0   0   0   0   0   0   8   0  19  21   0   0   0   0   0   0   0   0   7   0   0   0   0   0   0   0   0   2   0   0   0   0   0   0   0   0   1   0   0   0   0   0   0   0   0   0   0   0   0   0   0   0   0   0   0   0   0   0   0 
channel   11 - height    5 :   0  10   0   0   0   0   0   0   0   0   0   0   0   0   0   0   2   0   0   0   0  10   0   0   0   0  15   0   0   0   0   0   0  11   0  29   0   0   0   0   0   0   0   0   0   0   2   0   0   0   0   0   0   0   0   0   0   0   0   0   0   0   0   0 
channel   11 - height    6 :   0   0   0   0   0   0   0   0   0   0   3   0   0   0   0   0   0   0   0   0   0   0   0   0   0   0   0  18   0   0  13   0   0   0   0  12   0   0  14   9   0   1   0   0   0   3   0   0   0  10   0   0   0   0   0   0   0  28   0  15   0   0   0   0 
channel   11 - height    7 :   0   0   0   0   0   0   0   0   0   0   0   0   0   0   0   0   0   0   0   0   0   0   0   0   0   0   0   0   0   0   0   0   0   0   0   0   0   0   0   0   0   0   0   0   0   0   0   0   0   0   0   0   0   0   0   0   0   0   0   0   7   0   0   0 
channel   12 - height    0 :   0   0   0   0   0   0   0   0   0   0   0   0   0   0   0  17   0   0   0   0   0   0   0   0   0   0   0   0   0   0   0   0   0   0   0   0   0   0   0   0   0   0   0   0   0   0   0   0   0   0   0   0   3   0   0   1   0   0   0   0   0   0   0   0 
channel   12 - height    1 :   0   0   0   0   0   0   0   0   0   0   0   0   0   0   0   0   0   0   0   0   0   0   0   0   0   0   0   0   0   0   0   0   0   0   0   0   0   0   0   0   0   0   0   0   0   0   0   0   0   0   0   0   0   0   0   0   0   0   0   0   0   0   0   0 
channel   12 - height    2 :   0   0   0   0   0   0   0   0   0   0   0   0   0   0   0   0  22   0   0   0   0   0   0   0   0   0   0   0   0   0   0   0   0   0   0   0   0   0   0   0   0   0   0   0   0   0   0   0   0   0   0   0   0   0   0   0   0   0   0   0   0   0   0   0 
channel   12 - height    3 :   0   0   0   0   0   0   0   0   0   0   0   0   0   2   0   0   0   0   0   0   0   0   0   0   0   0   0   0   0   0   0   0   0   0   0   0   0   0   0   0   0   0   0   0   0   0   0   0   0   0   0   0   0   0   0   0   0   0   0   0   0   0   0   0 
channel   12 - height    4 :   0   0   0   0   0   0   0   0   0   0   0   0   0   0   0   0   0   0   0   0   0   0   0   0   0   0   0   0   0   0   0   0   0   0   0   0   0   0   0   0   0   0   0   0   0   0   0   0   0   0   0   0   0   0   0   0   0   0   0   0   0   0   0   0 
channel   12 - height    5 :   0   0   0   0   0   0   0   0   0   0   0   0   0   0   0   0   0   0   0   0   0   0   0   0   0   0   0   0   0   0   0   0   0   0   0   0   0   0   0   0   0   0   0   0   0   0   0   0   0   0   0   0   0   0   0   0   0   0   0   0   0   0   0   0 
channel   12 - height    6 :   0   0   0   0   0   0   0   0   0   0   0   0   0   0   0   0   0   0   0   0   0   0   0   0   0   0   0   0   0   0   0   0   0   0   0   0   0   0   0   0   0   0   0   0   0   0   0   0   0   0   0   0   0   0   0   0   0   0   0   0   0   0   0  31 
channel   12 - height    7 :   0   0   0   0   0   0   0   0   0   0   0   0   0   0   0   0   0   0   0   0   0   0   0   0   0   0   0   0   0   0   0   0   0   0   0   0   0   0   0   0   0   0   0   0   0   0   0   0   0   0   0   0   0   0   0   0   0   0   0   0   0   0   0   0 
channel   13 - height    0 :   0   0   0   0   0   0   0   0   0   0   0   0   0   0   0   0   0   0   0   0   0   0   0   0   0   0   0   0   0   0   0   0   0   0   0   0   0   0   0   0   0   0   0   0   0   0   0   0   0   0   0   0   0   0   0   0   0   0   0   0   0   0   0   0 
channel   13 - height    1 :   0   0   0   0   0   0   0   0   0   0   0   0   0   0   0   0   0   0   0   0   0   0   0   0   0   0   0   0   0   0   0   0   0   0   0   0   0   0   0   0   0   0   0   0   0   0   0   0   0   0   0   0   0   0   0   0   0   0   0   0   0   0   0   0 
channel   13 - height    2 :   0   0   0   0   0   0   0   0   0   0   0   0   0   0   0   0   0   0   0   0   0   0   0   0   0   0   0   0   0   0   0   0   0   0   0   0   0   0   0   0   0   0   0   0   0   0   0   0   0   0   0   0   0   0   0   0   0   0   0   0   0   0   0   0 
channel   13 - height    3 :   0   0   0   0   0   0   0   0   0   0   0   0   0   0   0   0   0   0   0   0   0   0   0   0   0   0   0   0   0   0   0   0   0   0   0   0   0   0   0   0   0   0   0   0   0   0   0   0   0   0   0   0   0   0   0   0   0   0   0   0   0   0   0   0 
channel   13 - height    4 :   0   0   0   0   0   0   0   0   0   0   0   0   0   0   0   0   0   0   0   0   0   0   0   0   0   0   0   0   0   0   0   0   0   0   0   0   0   0   0   0   0   0   0   0   0   0   0   0   0   0   0   0   0   0   0   0   0   0   0   0   0   0   0   0 
channel   13 - height    5 :   0   0   0   0   0   0   0   0   0   0   0   0   0   0   0   0   0   0   0   0   0   0   0   0   0   0   0   0   0   0   0   0   0   0   0   0   0   0   0   0   0   0   0   0   0   0   0   0   0   0   0   0   0   0   0   0   0   0   0   0   0   0   0   0 
channel   13 - height    6 :   0   0   0   0   0   0   0   0   0   0   0   0   0   0   0   0   0   0   0   0   0   0   0   0   0   0   0   0   0   0   0   0   0   0   0   0   0   0   0   0   0   0   0   0   0   0   0   0   0   0   0   0   0   0   0   0   0   0   0   0   0   0   0   0 
channel   13 - height    7 :  29   3  12   8   0   0  32   9   0   0  25   1   0   0  22  10   0  11  12   0  12  16   0   0   0  25   0  32   0  10   0  35   0   0   0  11  40   0  28  38  15   3  25  16   5   2  17   0  13  13  12  21  13   0   0   1   0   0   0  14  11   0  24   0 
channel   14 - height    0 :   0   0   0   0   0   0   0   0   0   0   0   0   0   0   0   0   0   0   0   0   0   0   0   0   0   0   0   0   0   0   0   0   0   0   0   0   0   0   0   0   0   0   0   0   0   0   0   0   0   0   0   0   0   0   0   0   0   0   0   0   0   0   0   0 
channel   14 - height    1 :   0   0   0   0   0   0   0   0   0   0   0   0   0   0   0   0   0   0   0   0   0   0   0   0   0   0   0   0   0   0   0   0   0   0   0   0   0   0   0   0   0   0   0   0   0   0   0   0   0   0   0   0   0   0   0   0   0   0   0   0   0   0   0   0 
channel   14 - height    2 :   0   0   0   0   0   0   0   0   0   0   0   0   0   0   0   0   0   0   0   0   0   0   0   0   0   0   0   0   0   0   0   0   0   0   0   0   0   0   0   0   0   0   0   0   0   0   0   0   0   0   0   0   0   0   0   0   0   0   0   0   0   0   0   0 
channel   14 - height    3 :   0   0   0   0   0   0   0   0   0   0   0   0   0   0   0   0   0   0   0   0   0   0   0   0   0   0   0   0   0   0   0   0   0   0   0   0   0   0   0   0   0   0   0   0   0   0   0   0   0   0   0   0   0   0   0   0   0   0   0   0   0   0   0   0 
channel   14 - height    4 :   0   0   0   0   0   0   0   0   0   0   0   0   0   0   0   0   0   0   0   0   0   0   0   0   0   0   0   0   0   0   0   0   0   0   0   0   0   0   0   0   0   0   0   0   0   0   0   0   0   0   0   0   0   0   0   0   0   0   0   0   0   0   0   0 
channel   14 - height    5 :   0   0   0   0   0   0   0   0   0   0   0   0   0   0   0   0   0   0   0   0   0   0   0   0   0   0   0   0   0   0   0   0   0   0   0   0   0   0   0   0   0   0   0   0   0   0   0   0   0   0   0   0   0   0   0   0   0   0   0   0   0   0   0   0 
channel   14 - height    6 :   0   0   0   0   0   0   0   0   0   0   0   0   0   0   0   0   0   0   0   0   0   0   0   0   0   0   0   0   0   0   0   0   0   0   0   0   0   0   0   0   0   0   0   0   0   0   0   0   0   0   0   0   0   0   0   0   0   0   0   0   0   0   0   0 
channel   14 - height    7 :   0   0   0   0   0   0   0   0   0   0   0   0   0   0   0   0   0   0   0   0   0   0   0   0   0   0   0   0   0   0   0   0   0   0   0   0   0   0   0   0   0   0   0   0   0   0   0   0   0   0   0   0   0   0   0   0   0   0   0   0   0   0   0   0 
channel   15 - height    0 :  16  10  14   0  23  12   0   0   0   0   0   2   0   0  15  15   0  21   0   0  17   1   0   7   3   0  20  13  19   0  12   0   0  18  15   1   0   3   0   0   0   0  12  24   0   0   0  38   0  10   0   0   0   2   0   0   0   5   3   1   2   0   0   0 
channel   15 - height    1 :  33   0  26   0  19   0   0  68  29  64  14   0   6   3   0  20   0   0   7   0  23   0  34  22  35   1  21   0   0   0   0  26   0  17  15  18  20  25  44  52  42   0   2   0  20  11  23  15  36  13   9  15  12   0  22  23   6  18   0   7   0  43   8  16 
channel   15 - height    2 :  25   0   0   5   1   0   0  10  20   0  22   8   0   0  18  21   2  31  27  39  35   8  47   0  12   0   0   0  18   0   3   0  20   3   0   0   0  24  63  15  35   0  12  20   0   0  19   0   0   0   0   0   0   0   0  20   5  30  50  38  19  14  29  30 
channel   15 - height    3 :   0  13   0   0  35  20   9   0  13   0   1  24   0  46   0   0  15   0   6  14  40  32   0  29   0  12  18  16   1  63   5  50   0  18  14  27  42   0  21   0   0   0   3  37   0   9   6  30   8   0   0  45  11  28   0   1  50   0   9  13   0  11  16   0 
channel   15 - height    4 :  46  43  10   0  13   1   2   7   0   0  34   0   0  37  10   0  22  14   0  18   0  12   0   0   5  18   0  44  18   0   0  44  16   0   0  13   0  13  23   0  22   0  17   4   0   3   0   0   0   5   0   0   0   0   0   0   0   0   0   9  23   0  17   0 
channel   15 - height    5 :  34   0  22   0   0  13   0   0   0  34   0   0  22   0   0  19  17  28  19  12  22   0   0   0   4  22  29   0  15  27   6  22   0   7  16   0  30   0   0  45   0   7   0  16  17   0   0  23   0   0   0  13  27   8   6   0   0   0   0   7  29   0  27   0 
channel   15 - height    6 :   6  29   0   0   0   0   7   0   0  10   0   0  47   0  19   0  39  19   0  10  23   0  25   0   0  44   6  22   2  36  36  25   0   0   3   0   0  66   0  34  43   0  37   1  14  37  27   0   0   0  21   0   0   0   0   2   0  29   0   0  15  11   0  29 
channel   15 - height    7 :   0  29   0   0  19   9   0  13   6   5  36  15   3  31  26   3   5   0  25  41   5  19  41   0  14   0   0   0   0   9   0   0  34   0  21   0   0  10   0   0   0  11  20   1   0   0   1   0   2   0   0   2   9  12   0   0   0  16  12   0  19   2   0  21 
channel   16 - height    0 :   5   0   0  18   0   3   0   0   0   0  35   0   0   0   0   8   1   0  26   0   0   0   0   0   0   0   0   0   0   0   0  22   0   0   0   0   0   0   0   0   2   0   0   0   0   0   3   3   0   0   0  17   0   0   0   0   0   0   0   0   0   0   0   0 
channel   16 - height    1 :  23   0   0  14   0   0   0   0   0   0   0   0   0   0   0   0   0   0   0   0  52   0   0   0   0   0   0   0   0   0  11   0   0   0   2   4  44   0   0   0   0   0   0  17   0   0   0   4   0   0   0   0  13   9   0   0   0   0   0   0   0   0  17   0 
channel   16 - height    2 :   0   0   0   0   0   0   0  12   0  44   0   0   0   0   0   0   0   0   0   4   0   0  22   0  29  14   0   0   0   0   0   7  17  12   0   8   0   5   0   0   0   9   0  60   0   0   0   0   0   0   0   2   0   1   4   0   2   5   0   0  20   0   0   0 
channel   16 - height    3 :   0  53   0   0   3   0   0   0  44  12  17  28   5   0   0   0  29  43   0   0   0   0   0   0  36   0   0   0   0   0   0  20   0   0   0   0   0   0   0   1  13   0   0   0   0   0  15   0   0   0   0   8   1   0   0   0   0   9   0   0   0   0   0   0 
channel   16 - height    4 :   0   0   0   0   0   3   0   0   0   0  16   0   0   0   0   0   5   0  18   0   0  12   0   0   0   0   0   0   0   0   4   0   0   0   0   0   4   0  11   0  11   0   0   0   0  35   0   0   0   0   0   0   9   0   0   0   0  10   0  10   2   0  14   0 
channel   16 - height    5 :  25   0   0   0   0   9   0   0   0   0   0   0   0   7   0   0  10   0   0   0   0   0   0  10   1   0   0   0   0   0   0   0   0   0  17   0  17   0   0   0   0   0   0   0   0   4   0   0   0   0   0  22   0  12   5   0   0   0   0   0   0   0   0   1 
channel   16 - height    6 :   6   8   3   0   1   0   0   0   8   0   2  35  35   0  27   0   0   0   0  15   0   0   0   0   0   0   0   0   0   0  10   0   0   0   0  42   0   0   0   0   0   0  24  22  39   5   0   0   0   0   0   0   0   0  17   0   0   0   0   0   0   0   0   0 
channel   16 - height    7 :   0   0  14   0   0   0   0   0   0   0   0   9   5   0   0   0  11   0   5   0   0   0   0   0   0   0   0   4   0   3   0   8   0   0   0  23   0   0   0   0   0   0   0  11   0   0  14   0   6   2   0   0   0   0   0   9   0   0   0   0   0   0   0   0 
channel   17 - height    0 :   0   0   0   0   0   0   0   0   0   0   0   0   0   0   0   0   0   0   0   0   0   0  13   0   0   0   0   0   0   0   6   0   0   0   0   0   0   0   0   0   0   0   0   0   0   0   0  16   0   0   0   0   0   0   0   0   0   0   0   0   7   0   0   0 
channel   17 - height    1 :   0   0   0   0   0   0   0   0   0   0   0   0   0   0   0   0   0   0   0   0   0   0   0   0   0   0   0   0   0   0   0   0   0   0   0   0   0   0   0   0   0   0   0   0   0   0   0   0   0   0   0   0   0   0   0   0   0   0   0   0   0   0   0   0 
channel   17 - height    2 :   0   0   0   0   0   0   0   0   0   0   0   0   0   0   0   0   0   0   0   0   0   0   0   0   0   0   0   0   0   0   0   0   0   0   0   0   0   0   0   0   0   0   0   0   0   0   0   0   0   0   0   0   0   0   0   0   0   0   0   0   0   0   0   0 
channel   17 - height    3 :   0   0   0   0   0   0   0   0   0   0   0   0   0   0   0   0   0   0   0   0   0   0   0   0   0   0   0   0   0   0   0   0   0   0   0   0   0   0   0   0   0   0   0   0   0   0   0   0   0   0   0   0   0   0   0   0   0   0   0   0   0   0   0   6 
channel   17 - height    4 :   0   0   0   0   0   0   0   0   0   0   0   0   0   0   0  10   0   0   0   0   0   0   0   0   0   0   0   0   0   0   0   0   0   0   0   0   0   0   0   0   0   0   0   0   0   0   0   0   0   0   0   0   0   0   0   0   0   0   0   0   0   0   0   1 
channel   17 - height    5 :   0   0   0   0   0   0   0   0   0   0   0   0   0   0   0   0   0   0   0   0   0   0   0   0   0   0   0   0   0   0   0   0   0   8   0   0   0  14   0   0   0   0   0   0   0   0   0   0   0   0   0   0   0   0   0   0   0   0   0   0   0   0   0   0 
channel   17 - height    6 :   0   0   0   0   0   0   0   0   0   0   0   0   0   0   0   0   0   0   0   0   0   0   0   0   0   0   0   0   0   0   0   0   0   0   0   0   0   2   0   0   0   0   0   0   0   0   0   0   0   0   0   0   0   0   0   0   0   0   0   0   0   0   0  18 
channel   17 - height    7 :   0   0   0   0   0   0   3   0   0   0   0   4   0   0   0   0   0   8   0   0   0   1   0   0   0   0   0   0   0   0   8   0   0  17   0   0  49   0   1   0   0   0   0   0   0   0   0  26   0   0  10   0   0   0   9   7   0   0   4   0   0   0  30   0 
channel   18 - height    0 :   0   0   1   1   0   0   0   0   0   0   0   0   0   0   3   0   0   0  14   0   0  33   0   0   0   0   0   0   0   0   0   0   4   0   0  30   0   0   0   0   0   0   0  15  12   0   0   0   0   0   0   0   0   0   0   0   0   0   0  13  14   9   0  12 
channel   18 - height    1 :   0   0   0   0   0   0   0   0   0   0   0   0   0   0   0  16   0   0   3   2   0   0   0   6  20   0   0   0   0   0   0   4   1   1  20   0   0   0  37   0   0   8   0   0   0   0   6   0   0   2   0  21   2   0  32   5   0   0   0   0  11  16   9  16 
channel   18 - height    2 :   0   0   0   0  17   0  40  31   0   0   0   0   0   0   0   0   0   0   0   0   0  10   0   0   0  10   0  15  40   0  15   0   0  39   0   0   0   0   1   0   0   0   7   0   5   7   8   0   0   0   0  11   0   0   0   0   0   0   0   0   0   0   0  21 
channel   18 - height    3 :   0   0   0   0   0  17   0   0   0   0   0   0  14   0   6   0   0   0   0   0  16   0   0   0   0   0   0   0   0   0   0   0   0   0  38   0   0   0   0   0   0   0   0   0   0  13   0   0  24   0   3   0  11   0  18   0  28   0   0   3  13   0   0  15 
channel   18 - height    4 :   0   0   0  32   0   0   0   0   0   0   0   0   4   0   0   0   0   0   0   0   0   0   0   0   0  11   0  27   0   0   0   0   0   0   0   0  14  23   0   0   8   0   0   0   0   0   0   0   0   0   0   0   0   0   0   0   0   0   0   0  18   0   0  15 
channel   18 - height    5 :   0  29   7   0   0   0   0   0   0   0   0   0   0  21   0  21   5  14   0   0  28   7   0   0   0   0   1   0   0   0   0   0   0   0   0   0   0   0   0   0   1   2   0   0   0   0   0   6   0   0   0   0   0   0   0  38   0   0  45  19   0   0  15  21 
channel   18 - height    6 :   0   0   0   0   0   0   0   0   0   0  24   0   0   0   0   5   0   0   0   0   0   0   6   0   0   0   0   0   0   1   0   0   0   0   0   7   0   0  22   0   0   0   0   0   0   0   0  22   0   0   0   0   0   0   0   0   0  12   4   0   0  16  18  10 
channel   18 - height    7 :   0  60   5  31  14   0  22   0   1  14  21  44  19  28  45  30   0  37  50  21  27  12   1  19  10   1   0  46   0  22  16  19   2   0   0   0  25   2  15   9  16   0   0  52   0   2   5   3   0  19  17  13  20   0   0   4   0   0   0  53   0   0  20  46 
channel   19 - height    0 :   0  15   0  29  13  22   0   0   0  60  25  39  53  31  49  41  10  16  69   0  22  27   0   0  45  18  23   0  16  27   0   0  37  36  20  32   0  20  33   8  38   6   3  14  37  18   6  36  20  33   0  19   7   6  43   0  51   7  12  39   2  11   6  17 
channel   19 - height    1 :   0  98  49  94  44 104  51  34  53  98  87  53  24  59  36  36  77  43  80  30  90  10 114  62  45  85  46  40  87  22  32  62  85  84  93  65  84  73 100  64  55  84  80  27  59  91  61  58  67  41  96  80 107  54 102  65  77 103  71  54  66  79  89  36 
channel   19 - height    2 :   0  42  27  75  92  80  86  83  80  49  60  88  62  67  76  89  76  40  70  95  57 108  91  43  55  83  27  87  63  50 119  48  94  65  64   2  40  83  74  81  79  70  24  72  79  47  56  90  90  34  56  84  87  73  82  82  81  83  96  26  73  40  88  93 
channel   19 - height    3 :  21  44  91  88  52  98 103  61 104  92  38 107 120  53  69  67  82  91  32  86  29  58  43  41  76  63  57  75  58  74  78 100  34  90  98 122  43  51  26  35  44  67  27  31 122  73  64  54  66  77  48  85  34  40  90  67  54  49  59  90  65  48  69  69 
channel   19 - height    4 :  29  25  44  75 117  61  47  65  78  34 111  96  61  84  20  69  63  53  58  86  40  31  85  78  52  52  61  56  87  73  81  54  60  68  51  58  45  60 104  93  55  64  72  53  87  97  46  74  84  92  45 118  82  72  55  54  35  29  57  70 110  82  56  58 
channel   19 - height    5 :  20  72  86  43  64  51  79  71  40  92  59  51  92  33  54  66  88  66  79  79  52  92  51  79  59  54 107  73  35  95 108  81  89  65  93  69  64  96  52 105  83  74 104  41  49  83  91  90  68  68  67  49  75  55  35  66  79  87  69  61  69  80  44  58 
channel   19 - height    6 :   6  59  93  93  54  72 107  36  92  75  41 108  94  59  79  18  62  73  90  60 102  42  64  72  69  93  79  67  35  60  72  45  76  36  94  30  33  72  54  63  73  17 107  69  90  69 126  29  77  64 117  78  75  74  81 100  71 107  94  61  68  59  81  46 
channel   19 - height    7 :  32  47  65  72  30  47  50  37  17  46  28  71  57  53  63  53  73  61  58  51  39  34  20  78  63  47  28  51  12  37  76  16  57  24  24  19  45  61  30   9  57  32  50  13  45  59  56  55  59  33  43  29  17  47  58  53  57  60  74  34  35  51  65  28 
channel   20 - height    0 :   0   0   0   0   0   0   0   0   0   0   0   0   0   0   0   0   0   0   0   0   0   0   0   0   0   0   0   0   0   0   0   0   0   0   0   0   0   0   0   0   0   0   0   0   0   0   0   0   0   0   0   0   0   0   0   0   0   0   0   0   0   0   0   0 
channel   20 - height    1 :   0   0   0   0   0   0   0   0   0   0   0   0   0   0   0   0   0   0   0   0   0   0   0   0   0   0   0   0   0   0   0   0   0   0   0   0   0   0   0   0   0   0   0   0   0   0   0   0   0   0   0   0   0   0   0   0   0   0   0   0   0   0   0   0 
channel   20 - height    2 :   0   0   0   0   0   0   0   0   0   0   0   0   0   0   0   0   0   0   0   0   0   0   0   0   0   0   0   0   0   0   0   0   0   0   0   0   0   0   0   0   0   0   0   0   0   0   0   0   0   0   0   0   0   0   0   0   0   0   0   0   0   0   0   0 
channel   20 - height    3 :   0   0   0   0   0   0   0   0   0   0   0   0   0   0   0   0   0   0   0   0   0   0   0   0   0   0   0   0   0   0   0   0   0   0   0   0   0   0   0   0   0   0   0   0   0   0   0   0   0   0   0   0   0   0   0   0   0   0   0   0   0   0   0   0 
channel   20 - height    4 :   0   0   0   0   0   0   0   0   0   0   0   0   0   0   0   0   0   0   0   0   0   0   0   0   0   0   0   0   0   0   0   0   0   0   0   0   0   0   0   0   0   0   0   0   0   0   0   0   0   0   0   0   0   0   0   0   0   0   0   0   0   0   0   0 
channel   20 - height    5 :   0   0   0   0   0   0   0   0   0   0   0   0   0   0   0   0   0   0   0   0   0   0   0   0   0   0   0   0   0   0   0   0   0   0   0   0   0   0   0   0   0   0   0   0   0   0   0   0   0   0   0   0   0   0   0   0   0   0   0   0   0   0   0   0 
channel   20 - height    6 :   0   0   0   0   0   0   0   0   0   0   0   0   0   0   0   0   0   0   0   0   0   0   0   0   0   0   0   0   0   0   0   0   0   0   0   0   0   0   0   0   0   0   0   0   0   0   0   0   0   0   0   0   0   0   0   0   0   0   0   0   0   0   0   0 
channel   20 - height    7 :   0   0  21   0   0   0   0  10   0   0   3   0   0   0   0  16   0   0   0   0  23   0   0   0   0  18   0   0   0   0   0  20   5   0   0   0   0   0   0   5   0   0   0   0   0   0   0   0   0   0   0   0   0   0   5   0   0   0   0   0   0   0   0   0 
channel   21 - height    0 :   0   0   0  15   0   0   0   0   0   0   0  25   0   0   0  17   0   5  13  19   0   0   0   0   8  11   0   0   0   0   0  13   0   0   0   0   0   0   0   0   9   0  13   0   0  15   8   0  21   0  13   0   0   0   0   3  48   0  10  33   0   1   0  28 
channel   21 - height    1 :   0   0  17   1   0   0  18   0  24   0  34  27  45  40  41   3   1   0   0   0   0   0  29   0   0   1   0   0  12   0  19   0   3   0   0  39   0   0  29  23  21   0  15   0   5  12  10  35  49   0  15   0  23   3   9   0   0   0   0  34  17   0   3   0 
channel   21 - height    2 :   0   0   4  34  28   0  10  21   0   0   0   6   0   0   0  16   6   0   0  10  30   0  35   0   0   0   0   0   2   0   8   0  35  39  15  35  11   0   7   0   0  17  16  22   0  16  11   0   0   2   0   0   0   0  29   1   7   0  13   0  19  28   0  30 
channel   21 - height    3 :   0   0  40   0   0   0   0  11  20   3  22  18   0  28   2   0   0   0  28   8   0  14   0  14  41   0  44   0   0   1   0   0   0   0   6   0   3  11   0  17   0  33   0  29   0   0   3  22   0   0   0   0   1  10   7  13   0  19   0   0  27  18   0   6 
channel   21 - height    4 :  41  18   0   7   5  23  33   7   0  13   3  26  18   0  38   0   1   0  34   0   0   0   0   0   0  20   0   0  15   0  24   1  16   0   0  44   0   6   0   6  13   0   7   0   0   0  38   0   0   0  24   0   3   0  19   0   0  11   0   0   0   0   7   5 
channel   21 - height    5 :   4  13  16  13   0   1   0   0  25  23   8   0   0  13   0   0   0   0   0   0   6   0  11   2   0  26   0   3  56   0   0   0   0   0  19   0  40   0   0   0   0  35   0   0  11  23   0  16   0   0   2   3   0   0   0   0   0   7   0  10   0  14   5   7 
channel   21 - height    6 :   0   0  18   0   0   0   0   0   0   0  19   0  18  15  16   6   0   0   0   0   0  17   0   0   0  41   0   0   0   0  12   0  36   8   6   0  34   5   0   0   0   0  25   0  12   0   3   0   8   0   0   0   0  19  26   3  34  14  38  35   0   0   0  22 
channel   21 - height    7 :  34  25  25  28   0  37  17  23  21  17  44  42  25  50   2  27  30  29  10  37  28  38  16  30  13  42  34  21  38  19  18  11  17  52  35  40  39  37  21  43  20  25  21  25  35  61  45  32  43  40   0  28   0   0  24  36   9  14  12   0  26   8  10   4 
channel   22 - height    0 :   0   0   0   0   0   0   0   0   0   0   0   0   0   0   1   0   0   0   6   6   0  29   0   0   0   0   0   0   4   0   0   0   0   0   0  23   3   0   4   0   0   0   0   0   0   0   0   0   0   0   0  15   0   0   0   0   0   0   0   0   1  21   0   0 
channel   22 - height    1 :   0   0   0   0   0   0   5   0   8   0   0   0   0   0   9   0   0   0   0   0  19   0  44   0   0   0   0   0   2   0   0   0   0   0   0   0   0   8  27  14   0   0   0   5   0   0   0  31   0   3  14   0   0   0   0   0   0  18   0   0   9   0   0   0 
channel   22 - height    2 :   0   0   0   0   0   0   0   8   0  27   0   0   5   0   9   0   3   2   0   0   0   0   0   0   0   0   0   7  13   6   0   0   0  41   0   0   0  31   0   0   0   0   0   0   0   0   0   0  10   0   0   0   0   0   0   0   0   0   0   0   0   6   0   0 
channel   22 - height    3 :   0   0   0   0   0   0   0   0   0   3   0   0   0   1   0   0   0   0   0   0   0   0   0   0  10  15   0   0   0   0   0   0   0   0   0   2   0   0   0   0   0   0   0   0   0   0  13   0   0   0   0   0   0   0   0   0  29   0   0   0   0   0   0   0 
channel   22 - height    4 :   0   0   0   0   7   0   5   0   0   0   0   0   0  29   0   6   0  13   0   0   0   0   0  18   1  19   0   0   3   0   0   0   0   0   0   0   0   0   0   0   0  26   0   0   0   0   0   0   0   0   0   0   0   0  40   0   0   0   0   0   0   0   0   0 
channel   22 - height    5 :   0   0   0  61   0   0   0   0   0   0   0   0   0   0   0   0   0   0   0   0   0   0   0   0   0   0   0   0   0   0   0   0   5   0   0   0   0   0   4   0   3   0   0   0   3   0   0   0   0   0   0  13   0   0   0   0   0   0   0   0   0   0   0   0 
channel   22 - height    6 :   0   9   0   2   2   0   0   0   0   0   8   0   0   0   2   2   0   3   0   0   0  32   0   0   0   0   0   0   0   0  17   0   0   0   0   0   0   0   0   0   0   0   0   0   0   0   2   0   0   0   0   0   0   0   0   0   0   0   0   0   0   0   0   0 
channel   22 - height    7 :   2   0   0   0  28   0   0   0   0  13   0   0   0   0  14   0   0   0  38   0   0   7  21  21   5   0  10  18   1  10  28   0   0  18  27   0   0  42   3   5   0   0   0   2  42   0  26  35   0  10   5   0   0  42   0  19  12  38   0   0   0  17   0   0 
channel   23 - height    0 :   0   0   0   0   0   0   0   0   0   0   0   0   0   0   0   0   0   0   0   0   0   0   0   0   0   0   0   0   0   0   0   0   0   0   0   0   0   0   0   0   0   0   0   0   0   0   0   0   0   0   6   0   0   0   0   0   0   0   0   0   0   0   0   0 
channel   23 - height    1 :   0   0  22   0  25   0  27   0  33  12  40   2   0  11  30   1   0   0   0   9  14   0   0  31   7  46   0  20   0   0   0   3   0   0  12  29   0   0   0   0  28   0   0   0   0   0   0   0   0   0   0   0   0   0   0  18   0   0   5   0  10   0  57  53 
channel   23 - height    2 :   7   1  21   0   0   0   0  16   7   0   3   3   0  22   8   0   0   0  10  30  37   3  13   0  26  29  15   0   0   0  40   0   0   3   0  14   0   0  21   0   0   0   0   6  36   0  18  22   0   0  26  24   9  17   0  16   4   0  17   0  29  36   0  37 
channel   23 - height    3 :   1   0   0  16   5   0   0  32  25   0   7   0   0   0  14  16  36  11   0   2   0  33   0   0   0   0   0   0   0   0   0   0   0   8   0  14   0   0  39   1   0   0  35   0   0   0   0   0   0   0   0   0   0   0  48   2   0   0   0   0  24   0   7  30 
channel   23 - height    4 :   1   0  19  33  28   0  21  40   0   1  18   5   0   0   0   0   0   0   0   0  24  35   0   0   0   0  16   0  36   0   0   0   3  37   9  47   0   8  21   0   0   0   0  46  38   0   0   0   0   0  53   7   0   0   0  18   0   0   0   0   0   0   0  27 
channel   23 - height    5 :   0   0   0  22   0   0   7   2   6   3  11   0  21  17   0   5   0  10   0  30  13   3   0  13   0   0  21   6   3   0  20  21   0   0   0   0  21   0   0   0   7   0   0   0   0  18   2  20   0   0   0   2   0   4   5   9   0  25   0   0  14   0   0  40 
channel   23 - height    6 :  11  35   0   0   0   0   0   0   0  46   7   0   0  31  23   0   0  49  28   0   0  31  10   2   0   2   0   7  16  30   0   0   0   9  28   0   0  46   0   0  14  14  45   0   0   0   0   0  26   0   0   0  12   5  19   0  47   0   9   0   0   8   2   1 
channel   23 - height    7 :  40  11  45  47   0  51  26   0   0  28  24   2   0  19   3  24  21  11   0   2  25  17   7  30  23  15  50   0  48  22   5  14  12  24  14  44  46   0  36   0  35  23  25   0  39  30  24  15   0  30  16  33   0   0   9  21   0   1  14  22  28  19  16  31 
channel   24 - height    0 :   0  51  40  15   6  16  19  10  11  35  12   0   0  13   8  18  21  37  42   0   9  27  23  21   6   8   0  17   7  10  33  39   6  17  22   3  34  24  22  44  17   0  40   0  29   0  20   8   7  27  17  11  40  15  12  34  33   0   1  43  47  27   5  25 
channel   24 - height    1 :   0   0   6   0  13  15   0   0   0   9   8   0  23  13  28   0   0  14  49  19  24  31   8  19  24  32  12   0   9   0   0  24  47   3  22  22  19   0  35  15   1   0  25   0   0  14   0   0   0   0   9   2  21   0  51   0  28   0   0   7  42  49  37  37 
channel   24 - height    2 :   0  40  29  19  18   8  85   1   0  13  31  21   0   0   1   0  12  25  46  35  21   7  31  41  43  35   0   0  57   0  50  11  19  15  35   0   0   5  19   0   4  29  43   5   0   0   0  27   0   0  21   7  30   0   0   6   0   0  12  20  36  20  43   0 
channel   24 - height    3 :   0  13  33  34  18  23  55  27  29   0   0   0   0   0  10  27  43  60   2   9   0  39   1   0  39   0   0  32  25  13  31   0  14  20  47   0  31  31  78  16   0   0   0   0  18   0   1  38   0   0  11   9   0  21  16  13   0   2  20   0   0   0  43  22 
channel   24 - height    4 :   0   0   4  11  15   0  12  39   0   0  20  14   0  23  47   0   0  11  34   5  23  44  27   5   0   0   9  28   3  25   0  34  47  28   0  11  21   6  36   0   5  15  11  12  43  37   0   0   0   1   0   8  44   0  18   0  19  27  33  20  49  31  46  31 
channel   24 - height    5 :   0   0   0  15  50  31  71  18   8  16  12  15   3  11  20  23   0   0  42   0  25   0   5  11   0  35   3   0   0  27  55   5  22   0  34  13   0   4  34   2  30   0  16   0   0   0   0   7  34  26  12  10  20   0   6  14  20  39   0   0   0  38  18  26 
channel   24 - height    6 :   2   0   0   0   6  28   0   0  31  38   2   5  14   8   0   8   0  25  34  17  16   0   2  27   0   0  33  34   0  15   0  31   0  10   0   5   7   1  21  40  71  17  20   0   0   0  17   0  21   3   0   8   0   0   7  41   0  15   7   0  65  11  60  18 
channel   24 - height    7 :   0  30  26  19   0   0   0   0   0   0  20   0   0   0  12  24  15   0  10   0   7  22   0   0   0  53   4   7  18   6   0   0  53   8   8  46   0   0   0   1  33   0   0   0  13   1  15  13   0   0   0   0   0   0   0   0   0   4   8   0   0  11   0  11 
channel   25 - height    0 :   0  23  15  48  27   4  78  33  16  31   0  59  11  14  27   0  16  57  17   0  10  69  28  64  19  32  30  44   0  21  22   4  61   6  29   2  18  58   0  31  13  15  35  44  20  29  48  27  19   9  62  22  26  20   3   1  32  18   7  29  21  54   7  18 
channel   25 - height    1 :   0   0  19   0  32   0  34  42  12   0   0  31  39   0  46   0   2   0  24   0  15   0   0   0   0   0  50  22   6  21  26  17  52  29  19   1   1  23  28  11  15   0   0  40  12  84   0  10   7  42   0  21   0   5  46  20   0   0  48   0   0   0  71   0 
channel   25 - height    2 :   0  48  25   0   0  11  15  61   0   0   0   2   0   0   7   0  28   8   4   1  86  29  13  14   5  31  11  17  50   0  21   0   0  38  11  33  43   0  11  12   0  34   5   0  16  23  29  36   0  36   7  44   1  26  19   1   0   0  35   0   0   0  12  70 
channel   25 - height    3 :   0   0   0  22   6  24   0  47   0   7  11   0  28   0   0  29   0   0   0   8  18   0  14   0   0   0   4   0  21  59  23   0  35   0  25   1  72   0   0   3  30  10   7   0  31  21  27   0  48   0  66  20  33  48  15  45  12   0   0  36   0   0  51  11 
channel   25 - height    4 :   0   0  20  45  25   0  35   2  11   0  11   0   0  40   7   0   0  64   0   0  23  30   0  29  30  40  29  33  13  36   0  13  18   0   0  33  24   0   0   0  11  51  13  41   0   0  35   9  25  16   0   8   0  25  25   4  42   0   0   0  24  14   8   3 
channel   25 - height    5 :   0  10   0  28   0   0  19   0   0  13  33  48  52  29  38  10  19   0  32   0   5   0   0   0   0  15   0   9  15  16  21   0  12   0  13  48   0   1   8   0   0  25   0  70  23  24   0  45   0  27  12  35   7  37  20   0  30   3  12   0  35  38   0  12 
channel   25 - height    6 :   0   5   0  17   1   0  32   0   0  30  14   0  26   0   0  30   6  22  10   0  41  41   0  19  26  38  57  57  11   2   0   7  24  22  19  50   9   1   0  12  22  29  36   0   0  53  22   0   2   0  25   0  13   0   0   0  22  27  41  24  25   0  17   0 
channel   25 - height    7 :  32  75  56  32  32   4  53  36  18   0  26  40  33  54  31  23  34  81  59  51  66  44  18   0   0  28  50   5  12  52  31   0  12   0  50  29  22  45  62   3  19  41   1   5  17  40  14   9  32  53  17  12  69  56   8  46  39  33  17  55   3  24  74  23 
channel   26 - height    0 :  47  10  35   8  51   7  12  14   9  18  32  35  47  27  36  14  21   9  33  38  73  59  19   4  56   6  21  45  28  24   0  26  43  15   0   9   0   0  44  13  24   0  45  17  37   9  16   6   4  32  12  43  26  36  33  32  23  25   0  12  16  20  45   0 
channel   26 - height    1 :  40  51   4  15  28   7  18  58  31  69  28   2  43  27  23  24  39  11  12  67  54   0  34  30   0  17  27  14  25  31  29  65  15  52  47  10  21  25  14   7  68  15  11  66  33  60  34  12  51  63  29  27  60  31   0   1   0  28  59  48  48  26  23   0 
channel   26 - height    2 :  37  52  40  58  42  17  49  57  46  28  12  60  39   9  26  56  48  30  40  53  35  54  37  58  37  37  39  22  31  61  83  10  29  51  41  65   6  46  30  41   0  78  58  32  28   0  24  43  63  39  30  22  41  26  34  11  21  68  32  42  65  57  17   9 
channel   26 - height    3 :  54  52  13  64  45   1  56  17  33   0  19  23  28  57  11  27  13  90  48   6  12  38  56  29  28   0  37  41  23  67  39  42  40  78  38  68  27  13  77  17  25   9   7  13  25  13  14  42  18  18  47  45   5  35   0  40   7  31  37  51  20   7  11   0 
channel   26 - height    4 :  46  26  24  25  30  77  58  26  79  40  40  66  39  40  82  59  10  24   0  51  85  29  42  29   0  17  26  61   0   1   3  37  62  52   0  24  24  42  55  15  47  53  67  28  47  76  46  18  44  72   2   2   1  34  17   0  53   2  62  10  74  35  64   7 
channel   26 - height    5 :  38  60  13  21  33  80  14  51  25  22   6   0  26   1  23  28   0   0  31  41   7   2  40   0   1  58  60  13  25  18  23  22  37  21  11  31  13   0   0  52  21  15  41  20  29   5  54  56  48  28   2  41   8  51   0  21   4  22  39  46  28  47  40   0 
channel   26 - height    6 :  68  14  31  39  13  36  50  55  38  27  65  61  16  27  50  19  45  41  47  66  10  13  13  28  53  45  20  17  65  22  24   6   0  46  18  18  18  30  15  21  53  13  17  22  30  46  93   6  24  35  42  13  21  33   9  28  25  31  11  47  12  59  39   0 
channel   26 - height    7 :   3   9  23  10   0   0   0   0   0   0   0   0   0  24   0   0   0   0   0   0   0   0   0  32   0   0   0   0  11   2   0   0   6   0   0   0   0   0   2   7   1   0   0   0   0   0  28   0   0   0   0   5   0   0  24  20   6   0   0   3   5   0   0   0 
channel   27 - height    0 :  58  27  42  46  69  41  35  49  54  37  29  84  69  73  34  56  45  34  47  51  31  86  26  67  43  90  60  56  60  77   3  75  90  55  39  51  51  76  23  37  43  52  42  42  49  57  79  54  45  50  18  35  58  58  78  70  56  52  51  50   8  61  39  44 
channel   27 - height    1 :  35  56  72  43  37  50  43  28  17  19  74  14  28  21  36  59   4  70  46  82  49  63  32  46   0  14  40  34  43  35  56  39  29  64  41  78  55   0  57  28  67  48  67   0  64  46  34  14  68   0  74  71  40  22   0  83  27  65  75  26  36  59  57  31 
channel   27 - height    2 :  46  19  36   2  44  11  28  42  29  36  39  34  20  14  22  10  56  47  12  21  29  33  34  64  73  15  36  56  58  33  28   0  59  59   1  16  27  29  51  69  58  41  39  34  51  31 101  41  49  15  53  31  39  30  21  25  84  32  17  38  73   0  37  32 
channel   27 - height    3 :  25  35  75  40  63  54  14  59  10  39  33  49  37  15  20  34  43  51  26  61  51   2  82  22   5  22  57  48  46  43  42  63  49  47  45  31  43  61  28  51  58  78  72  77   5  18   0  45  38  49  48  68  40  55   0   5   0  26  78  35  23  56  32  33 
channel   27 - height    4 :   0  67  79   1  44  40  49  35  35  40  14  19  32  15  30  67  41  20  26  29  73  38  38  14  38  42  36  49   3  30  46  38  10  31  30  57  56  44  12   0  35   3  47  15  34  70  86  51  56  39  27   0  16  49  23  63  26  93  44  69  35  65  17  11 
channel   27 - height    5 :  28  16  40  45   0  67  10  52   0  95  19  28  21  74  45  32  24  31  55  80  18  34  42  26  58  45  35  32  60  70  46  43  60  40  44   0  37  54  78  25  40  52  57  39  53  52  81  25  50  31  31  30  87  34  50  33  50  41  45  51  43  38  44   0 
channel   27 - height    6 :  27  38  66  60  50  70  68  31  43  34  65  11  44  11  80  13  46  55  72  23  66  60  58  32  28  71  46  40  33   5  67  11  56  74  56  10  34   0  53  50  80  45  26  62  43  20  13  55  15  13  34  50  44  35   2  18  30  35   0  35  16  44  37  29 
channel   27 - height    7 :  31  16   5   0   0   4  14   0   1  17   0   0   0   8   0   0   0  14   0   0   0  32   0   0   0   0   8  29   0  29   0  23   0   0   4   0   3  12  17   0  20   0   6  17   0   8  25   0   0   2   3   0   0  12   9   0   0   0  15  14  25   0  21  17 
channel   28 - height    0 :  32   0  29  69  29   5  10   0  12  17  35  13   6  32  17   2   8   0   0   0   3   0   0   0   0   0  10  15  15   0  13  14   0   0  39   6   0  10   6   0  10   0  14   0  25   0   0  19   6  14   2  30  10   6   0   0   0  25   0   9  19   0   4   0 
channel   28 - height    1 :   8   0  19  31   0  65   1  32  48  58  55   0  41  40  74  27  26  22  33  18  48  41  30  61   0  55  20   6  10   1   0  46  13  13   0  11  22  98   0   2   4  29   0  70  14  70   7  44  12  41  56   0   0  33  27  45  67  19  17  16  33  31  26   0 
channel   28 - height    2 :  16   0  69  59   0  19   0  56  28  28  37  21  23  36  10  27  11  24  56  16  39  44  11   0  27  31  67  10  41  56  17  32  55  13   4  34  40  55   1  73   0   1  27  70  39   0  40  24  33  12  77   0  38  38   9  27  14  86  38  29  45  80   3   0 
channel   28 - height    3 :  30  36  44  13  55   3  12  44  54  16  27  14  19   0  18  21  38  28   0  38  26   5  28  22  23  34  23  29  15  35  53  10  21  13  25  21  16   0  20  40  52  35  42  14  53  57  26  44  50  27   4  52  79   8  45  28  18  48  13  12  14  47  38  12 
channel   28 - height    4 :  34  50  30  23   1  19  18  61  71  53  71  37  26  27  30  28  33  23  10  24  38  21  19  16   0  33  30  28  50  48   0  37   0  30  17  10  39  29   6   0  29  25   6   0   5  37  42  20  39  29  55  55  11  17  52   5  64  11  37  59   3  29   0   0 
channel   28 - height    5 :  27  60   0  52  52  43  49  21  27  13  12  13  51   8  34  36  72   0  41  56  16  55  30  58  37  66  43   3  48  70  26  30  58   0   0   2  63   0  26  48  37   2   9  70  29  42  45  44  16  19  77   5  44  38  41   0  22  20  11  41  23  17  42   0 
channel   28 - height    6 :  43   0  48   0  14  42  18   0  21  23  22  19   6  18  17  15  43  51  41  29   0  22  33  49  23  40  21  29  53  18  22  43   0  32  43  22  36  38  45  42   0  22  40  72  24  54  42  18  45  43  29   3  47   0   8  21  71  15  23  28  35  52  16   0 
channel   28 - height    7 :  27  87  57  11  32  72  35  17  29  54  69  60  43  50  29  26  73  51  51  28  78  23  40  26   8  43  40  51  40  41  27  48  43  31  83  48  29  33  76  15  16  33  59  48  52  70   8  16   0  33  36  30  32  52  31  38  82  50  29  39  37  28  24  24 
channel   29 - height    0 :  12   0   0   0   0   0   0   0   0   0   0   0   0   0   0   0   0   0   0   0   0   0   0   0   0   0   0   0   0   0   0   0   0   0   0   0   0   0   0   0   0  13   0   0   0   0   0   0   0   0   0   0   0   0   0   0   0   0   0   0   0   0   0   0 
channel   29 - height    1 :   0   0   0   0   0   0   0   0   0   0   0   0   0   0   0   0   0   0   0   0   0   0   0   0   0   0   0   0   0   0   0   0   0   0   0   0   0   0   0   0   0   0   0   0   0   0   0   0   0   0   0   0   0   0   0   0   0   0   0   0   0   0   0   0 
channel   29 - height    2 :   0   0   0   0   0   0   0   0   0   0   0   0   0   0   0   0   0   0   0   0   0   0   1   0   0   0   0   0   0   0   0   0   0   0   0   0   0   0   0   0   0   0   0   0   0   0   0   0   0   0   0   0   0   0   0   0   0   0   0   0   0   0   0   0 
channel   29 - height    3 :   0   0   0   0   0   0   0   0   0   7   0   0   0   0   0   0   0   0   0   0   0   0   0   0   0   0   0   0   0   0   0   0   0   0   0   0   0   0   0   0   0   0   0   0   0   0   0   0   0   0   0   0   0   0   0   0   0   0   0   0   0   0   0   0 
channel   29 - height    4 :   0   0   0   0   0   0   0  17   0   0  10   0   0   0   0   0   0   0   0   0   0   0   0   0   0   0   0   0   0   0   0   0   0   0   0   0   0   0   0   0   0   0   0   0   0   0   4   0   0   0   0   0   0   0   0   0   0   0   0   0   0   0   0   0 
channel   29 - height    5 :   0   0   0   0   0   0   0   0   0   0   0   0   0   0   0   0   0   0   0   0   0   0   0   0   0   0   0   0   0   0   0   0   0   0   0   0   0   0   0   0   0   0   0   0   0   0   0   0   0   0   0   0   0   0   0   0   0   0   0   0   0   0   0   0 
channel   29 - height    6 :  15   0   0   0   0   0   0   0   0   0   0   0   0   0   0   0   0   0   0   0   0   0   0  12   0   0   0   0   0  17   0   0   0   0   0   8   0   0   2   0   0   0   0   0   0   0   0   0   0   0   0   0   0   0   0   0   0   0   0   0   0   0   0   0 
channel   29 - height    7 :   0   0   0   0   0   0   0   0   0   0   0   0   0   0   0   0   0   0   0   0   0   0   0   0   0   0   0   0   0   0   0   0   0   0   0   0   0   0   0   0   0   0   0   0   0   0   0   0   0   0   0   0   0   0   0   0   0   0   0   0   0   0   0   0 
channel   30 - height    0 :   3   0   0   0  20   0   5   0   6  26  15  10  15   0   0  13   1   7   2   0  25   8  10  24   2  35   4   0  24   0   0  12   0  32   0   0   0   0   0   3  26  19   9   0   0   0   0   0   4   0   0   0   0   0  19   0   0  25   0   0   0  33  24   0 
channel   30 - height    1 :  45  15   0   0  26  21   0  12  13   0   5   0   4   9   0  11  11  26  11   8   0   0   0   0   0   0   0   0  23  23  49  20   0  19   7  26   0   7   0  13   0  37   6   0   0   2   0   0  18  12  13   0   0   0   0  20   0  10  36  12   0  37  28   0 
channel   30 - height    2 :  39   0   6   3  19   0   2   0  40  39   0   0   0   0  17   9  39   0   0   0   1  40   5  44   0   0   0  13   0  29   0   0   0  19   0   0  35  16   0   0   0   0   6  25   9   0   0  34   0   8   0   0   0   0  22   0   5  12  32   3   0   0   0   0 
channel   30 - height    3 :   0   8  16   0  33  20   1   0   0   3   0   0   0   0  15  12   0   0   0  11  49  14  20   0   0   1  39   0   0   0   5   0  43  29   0  15   3   5   8   0   0   0  32  11   0   8   0   7   0   0  27   0   6   0   0   0   0  17   0  28  19   6   0   0 
channel   30 - height    4 :  27  13   0   0   0   6  13  24  28   0  26   0   0  17   8  19   0  27  17  23   0   0   0   3  12  36  26   0  10   0   0  12   0   0   0  18   0   4   0   4  13   0   0   5   0   0   9   0  36   0   0   0   0   0   0   0  23  10   0  13   0  16  19   0 
channel   30 - height    5 :  22   0  23   4  20   0   0   0  28   0   5   0   0  36   0   6  13   9   0   9   0   0   7  17   0   3   0   0  31   4   0   3   0   2  35   0   0  37  64  10   0  39  19  12  18   2  16   0   0   0   1   0   0   0   0  15   0   0   0   0  16  10   1   0 
channel   30 - height    6 :   0   0  41  21   7   0   0  26   0   0   0  10   0  10  16  14  25  19   0   0   0  34   0  24  31   0  37   0  21  19   0  33   0  14   2  21   0   0  23  37   0   9   0   3   0   0   0   0  19   1   0  35  24   0   0   0   0  10   0  19   0  18   0   0 
channel   30 - height    7 :   0   0   0   0   0   0   0   3   0   0   0   0   0   0   0   0   0   0   0   0   0   0   0   0   0   0   0   0   0   0   0   0   0   0   0   0   0   0   0  28   0   0   0   6   0   0   0   0   0   0   0   0   0   0   0   0   0   0   0  11  22   0   0   0 
channel   31 - height    0 :  16   0  24   0   9   0  10  31  26   0   0   0   5  16   0  10   0   1   8   0   0  27   0   3   0  19  18   1  17   8   0  16  15   0   0   0   0  50   0  20   0   0  10   0   0   0   0   0  12   0   0   0  11   0  12  23   2   0   0   0   0   0   0   0 
channel   31 - height    1 :   0   0  44   0  12   0   0   0   0   0  16  10  11   0   0   0   0   0   0   0   0   0   0   0   0   0   0   0   0   0   0   0   0   0   0  32   0   0  18   0  10   0   0   0  35   5   0   0   0   0   0   0   0   0   0   0   0   0   0   0  20   0   0   0 
channel   31 - height    2 :  23   0   0   0  21   0   0   0   0   0   0   0   0   0   0   6   3   0  11   0   0   1   0   0   0   0   0   0   3   0   0   8   0   2   0   0  16   0   0   0   0   0   0   0   0   0   0   0  34   0  13   0  17   0   0   0   0   0  26  10   6   0   0   0 
channel   31 - height    3 :   0   0   0   0   0   0   0  14   9   0   4   0   0   3   0  30   0   0   0   0   0   0   0   0   0   0   0  43   5   0   0   0   0   0   0  11   0  16   0   0   0   0   0   3   0   0  30   0   0  15   1   0   0   0   0   0   0   0   0   0   0   9  21   0 
channel   31 - height    4 :   8   0   0   0   0   0  19  25   0   8   0   0   0   0   0   0   0   0   0   0   0   2   0   0  23   4   0  17   0   0   0  32  25   0   0   2   0   0  20   0   0   0   0   0   0   0  18   0   9   0  37   0   2   0   0   0   0  10   0   4   0   0   0   0 
channel   31 - height    5 :   0   0   0  29  11  24   0   0   1   4   8   1   5   8   0   0   0   1   0   0   0   0   0  10   0   0   0   0   0   0   0   0   0   0   0   0  14   0   0   0   0   0   0   0  12  25  10   3   4   0   0  18   0   0   0   0  19   0   0   0   0   0   0   0 
channel   31 - height    6 :   0  14   0   0   0   1   0   7   0   0   0   0   0   0   0   0   0   0   0   0   0   0   0   0   0   8  18   0  14   0   0   6   0   0   0   0   0  12   0   0   0   0   0  23   0   0   0   0   0   0   0   0   0  22  22   0   5   0   0   0   0   0   0   0 
channel   31 - height    7 :  17  19  42  16  42  52   9  39  22  12  15  41  16  40  44  36  17  18  17  35  11  13   9  26  10  15  39   0  38  38  42   3  39  23  15  21  31  25  18  11   0  27  15  27  18   3  23  45  18  43  39  47  27  45  11  23  35  12  30  10  24  36  12   0 
