035 240 122 248 161 208 016 117 038 145 125 000 107 108 058 199 007 007 175 111 118 142 230 132 124 157 165 121 058 233 159 021 005 150 108 109 117 249 209 165 076 135 155 195 062 138 175 090 022 129 012 229 209 058 093 011 211 073 195 160 129 103 047 243 
051 113 018 234 142 114 007 207 133 025 191 065 223 151 073 167 079 048 231 183 048 101 096 086 193 016 218 166 072 161 149 097 248 217 220 026 010 140 143 084 025 126 046 130 156 240 116 095 170 085 159 106 236 100 097 054 126 233 242 076 075 050 129 048 
248 222 220 198 215 006 060 050 225 236 215 020 034 206 080 218 049 169 246 243 061 232 046 024 198 244 165 133 086 236 215 162 063 077 014 088 044 026 041 098 050 018 039 234 059 184 145 137 025 183 085 013 046 183 121 096 199 209 096 038 141 075 042 109 
231 123 113 135 051 072 165 176 168 220 175 182 054 163 016 222 247 010 078 218 116 252 246 223 248 131 217 100 237 115 050 070 180 081 042 130 052 139 207 175 012 154 119 199 173 163 159 088 072 048 068 023 101 143 124 248 013 114 193 082 068 157 031 144 
178 001 149 233 183 104 115 101 190 052 168 020 128 071 127 026 207 190 187 175 158 085 224 191 188 189 073 105 181 018 236 131 040 252 244 051 141 144 093 230 094 186 167 022 045 116 018 213 047 009 193 021 135 252 037 104 037 173 067 104 219 115 142 193 
182 184 107 075 197 087 230 231 218 231 229 074 051 245 171 222 223 086 234 252 090 169 090 103 096 234 018 157 109 025 156 129 116 220 232 057 048 228 114 155 188 133 229 133 253 216 097 071 240 222 239 019 119 247 063 108 158 093 195 212 038 162 037 034 
103 244 181 213 136 142 197 097 131 049 204 046 187 089 202 034 041 107 115 071 217 036 195 149 103 231 039 132 050 007 026 171 110 196 008 220 099 054 127 220 166 061 219 029 072 127 234 177 174 224 173 025 072 081 233 108 251 169 168 099 079 024 227 200 
228 203 253 132 114 067 111 179 008 234 085 170 225 048 104 141 178 078 056 203 078 004 001 127 107 215 089 068 237 032 200 037 157 128 099 104 114 154 168 071 007 212 053 126 065 223 141 216 067 029 249 140 122 146 005 230 083 175 014 001 245 111 139 215 
021 036 066 121 089 210 104 130 142 099 206 233 237 052 085 211 137 156 178 003 219 005 168 237 193 239 039 061 032 007 146 033 129 083 099 217 227 005 088 029 062 071 203 137 046 186 098 250 119 238 240 034 191 113 135 220 011 082 234 052 063 067 253 133 
055 049 171 157 019 229 135 097 048 008 251 186 126 032 105 227 047 230 007 128 078 000 111 143 055 025 136 238 012 124 048 039 252 083 015 116 178 092 020 108 174 037 214 137 078 173 113 018 170 192 249 099 167 150 029 231 153 128 007 183 247 208 024 239 
095 028 057 143 176 187 173 093 157 240 158 008 240 019 228 212 164 225 037 224 067 201 014 215 063 097 122 121 201 120 230 209 042 249 075 043 142 134 075 201 159 146 246 097 084 192 061 174 134 074 081 140 103 106 004 064 104 044 097 218 170 191 022 227 
117 145 134 241 193 098 240 109 203 106 117 166 161 205 145 121 066 142 223 144 005 095 137 251 012 176 084 075 251 122 010 064 029 021 148 075 039 035 244 249 019 253 209 081 077 049 196 071 229 123 002 165 036 242 176 002 114 046 212 232 061 123 104 234 
097 204 054 112 026 104 072 081 002 245 009 135 114 162 179 038 050 224 078 219 178 073 184 167 106 179 049 137 246 056 067 150 146 146 018 062 130 120 165 224 128 135 166 090 007 163 154 070 034 229 195 038 034 114 068 240 120 009 069 224 243 059 092 244 
025 173 071 115 124 006 163 155 166 035 007 045 034 238 182 064 204 254 136 239 064 215 161 233 157 068 166 067 055 228 088 123 037 071 098 120 247 013 197 152 185 131 119 215 076 183 194 083 178 136 094 175 206 246 065 208 046 057 208 158 078 152 141 242 
163 084 186 213 097 029 160 057 075 252 040 146 103 024 096 146 170 201 231 204 148 198 233 228 071 000 197 095 118 153 148 220 130 095 142 123 006 211 012 217 165 144 074 023 019 241 231 013 208 251 214 089 095 049 023 023 071 171 151 196 008 098 086 151 
061 130 139 085 124 059 197 204 167 052 055 046 032 235 159 060 069 031 041 149 008 151 046 109 035 181 042 095 048 196 056 129 075 155 180 134 026 054 146 134 062 213 050 103 206 181 191 039 157 202 094 140 104 105 089 106 228 183 187 157 059 155 002 186 
169 014 237 220 180 208 105 015 207 229 079 248 058 227 092 251 246 161 168 063 126 209 005 015 165 185 197 144 013 200 239 119 242 037 094 015 215 097 240 209 179 094 133 212 019 166 103 040 250 091 060 180 071 062 035 237 078 130 101 170 239 036 041 227 
199 232 046 148 188 095 127 148 215 207 207 018 212 254 105 030 204 122 203 032 001 094 146 140 075 227 247 170 124 233 100 050 128 033 136 058 165 140 056 225 055 168 099 064 014 035 183 075 066 026 242 200 209 015 230 047 121 033 240 068 064 250 191 041 
225 180 116 077 057 140 200 204 180 146 164 075 104 055 133 182 065 067 140 249 254 201 032 004 105 211 253 204 015 177 199 228 155 049 199 182 111 019 000 144 226 077 121 247 148 166 024 086 093 064 063 042 154 079 009 223 184 112 236 243 148 120 090 109 
097 146 193 232 213 234 213 243 019 079 209 165 010 150 168 031 075 125 182 020 106 184 242 127 124 040 166 086 179 050 199 072 015 061 071 084 219 115 108 166 150 142 150 043 185 160 065 130 217 118 033 135 199 227 036 232 087 137 165 176 131 014 087 027 
158 118 026 200 199 159 083 162 057 052 063 031 126 251 032 214 049 029 069 219 211 204 115 240 012 249 136 136 003 066 016 173 058 252 092 013 169 239 213 061 098 183 067 165 047 241 112 129 254 060 046 211 001 084 146 111 002 173 045 186 100 007 069 230 
245 243 251 149 157 248 066 018 099 118 067 144 011 048 246 043 116 069 056 054 094 006 010 039 210 036 233 222 162 153 153 146 144 143 196 070 228 023 139 117 195 205 209 058 045 105 170 169 073 213 193 046 200 150 050 026 230 182 243 120 157 056 070 044 
060 063 006 094 201 177 032 241 165 178 141 239 068 089 026 239 219 003 085 103 236 100 025 007 209 055 187 043 230 227 146 009 054 096 104 050 192 014 228 211 192 060 070 124 078 065 031 234 138 143 225 032 096 209 037 108 059 142 172 084 234 254 120 025 
004 057 150 131 139 088 049 212 219 194 048 077 073 009 176 069 044 145 090 059 088 235 113 049 082 083 153 021 075 250 184 221 061 022 229 057 106 040 212 076 148 079 217 106 135 072 207 200 180 147 194 240 075 208 080 177 204 009 117 179 099 140 081 140 
