1 4 4 32
channel    0 - height    0 :   0   0   0   0   0   2   0   0   0   0   0   0   0   0   0   0   0   0   0   0   0   0   0   0   0   0   0   0   0   0   0   0 
channel    0 - height    1 :   0  14   0   0   0   0   0   0   0   0   3   0   0   0  10   0   0   0   0   0   0   0   1   0   1   0   3   0   0   0   0   0 
channel    0 - height    2 :   0   0   2   0   0   7   0   0   0   0   1   0   0   0   0   0   0   0   0   0   0   0   2   0   0   0   4   0   0   0   6   0 
channel    0 - height    3 :   0   0   0   0   0   0   0   0   0   0   0   0   0   0   0   0   8   0   0   0   0   0   0   0   0   0   0   0   0   0   0   0 
channel    1 - height    0 :   0   0   0   0   0   0   0   0   0   0   1   0   0   0   0   0   0   0   0   0   0   0   0   7   0   0   0   0   0   0   0   0 
channel    1 - height    1 :   0   0   0   0   0   0   0   0   0   0   0   0   0   0   0   0   0   0   0   0   0   0   0   0   0   0   0   0   0   0   0   0 
channel    1 - height    2 :   0   0   0   0   0   0   0   0   0   0   0   0   0   0   0   0   0   0   0   0   0   0   0   0   0   0   0   0   0   0   0   0 
channel    1 - height    3 :   0   0   0   0   0   0   0   0   0   0   0   0   0   0   0   0   0   0   0   0   0   0   0   0   0   0   0   0   0   0   0   0 
channel    2 - height    0 :   0   6  10  11   6  12  11   0  16   5   3  15   9   0  16   3   7   8   7   4   0  16  21  14  18   6   3   2   5   1  10  20 
channel    2 - height    1 :   0  17   7  18   1  10  20   7  19  10  19  19   9  15   6   5  24  12   7  13  19  21  13  19  16  14   7  19   4  12  26  18 
channel    2 - height    2 :   5   4  19  21   0  13  23   8  19   5   2  21   5  10  10  10  15  17   0  15  22  14  16  21  11  12  12   5   8  13  22  22 
channel    2 - height    3 :   6   6   7   3  14  11  10   8   8   3  12   6   4  10  13   0   9   9   5   7   2   8  11  10   8  11   8   9   6  13   6  21 
channel    3 - height    0 :  11  13  15  12   2   7   2  12   7   3  19  15  12  14  16  17   6   5  15  12  14   8  15  11   4   0  15   3   8  12   9   0 
channel    3 - height    1 :  14  14  24  23  28  28  12   5  14  23  16  19  44  15  19  28  26  16  12  22  26  12  32   9  20  17  16  19  35  16  11  16 
channel    3 - height    2 :  25  17  12  22  34  12  23  28  20  22  24  13  11  30  19  15  25  30  17  13  25  22  28  33  12  15  16  20  17  31  24   4 
channel    3 - height    3 :  17  32  14  21  28  19  16  25  21  24  21  15  18  25  26  12  10  25  19  11  27  15  16  17  29  17  14  16  23  28  31  26 
