    x	    x	    x	xxxxxxxxxxxxxxxxxxxxxxxxxxxxxxxxxxxxxxxxxxxxxxxxxxxxxxxxxxxxxxxxxxxxxxxxxxxxxxxxxxxxxxxxxxxxxxxxxxxxxxxxxxxxxxxxxxxxxxxxxxxxxxxx
    0	    0	    0	xxxxxxxxxxxxxxxxxxxxxxxxxxxxxxxxxxxxxxxxxxxxxxxxxxxxxxxxxxxxxxxxxxxxxxxxxxxxxxxxxxxxxxxxxxxxxxxxxxxxxxxxxxxxxxxxxxxxxxxxxxxxxxxx
    1	    1	    1	xxxxxxxxxxxxxxxxxxxxxxxxxxxxxxxxxxxxxxxxxxxxxxxxxxxxxxxxxxxxxxxxxxxxxxxxxxxxxxxxxxxxxxxxxxxxxxxxxxxxxxxxxxxxxxxxxxxxxxxxxxxxxxxx
    1	    1	    1	7f7f7f7f7f7f7f7f7f7f7fac7f7f7f7f7f7f7f7f7f4a7f7f7f7f7f7f7f7f7f448080807f7f7f3c7ff07f807f7f807f74f6807f0c7f089e00807f80d47f7eb836
    1	    1	    1	ed807f80dd807f7fdf7f807f7f7f80377f7f808f7f7ff9637f7f8080197f7f7f80802d8080807f138003807f050d80b51f7f8080017f80e1637f8080976f7f7f
    1	    1	    1	8080805c7f7ff442a87f807f7f807f2cae807fc47fc080b8807f808c7f3680ee8080801d7f7fb503806b80537f807fed808053857f818080804380807ff780af
    1	    1	    1	7f7fc57f7f7f80df7fef7f80ede57f3dd3807f7ff1807b118f807f7f5b8380807f7fd97f7f7f80f37f037f8001f97f51e7807f7f05807f25a3807f7f6f978080
    1	    1	    1	7f7f717f7f807f7f7f7fcb807f7ff70d7f7feb808059807f6b2b801d5f80d5808080fd80807f808080807f7fedb5776180a97f7f7f157f8003437f510f7f7f7f
    1	    1	    1	7f7f3d7f7f807f7f7f7f97804d7fc3d97f7fb7808025807f37f780e92b80a1807f7f7f7f7f7f7f7f7f7f6c7f7f7f7f7f7f7f7f3a7f7f7f7f7f7f807f7f7f7f7f
    1	    1	    1	7f7f087f7f807f7f7f7f808018508ea47f5c828080f0807f02c280b4f68080808080807f7f7f1f6dd37f807f7f807f57d9807fef7feb81e3807f80b77f619b19
    1	    1	    1	7f7f027f7f807f7f7f7f8080124a889e7f56808080ea807ffcbc80aef0808080808080117f7fa9f7805f80477f8077e1808047807f808080803780807feb80a3
    1	    1	    1	80808080808080808080808080808080808080808080808080808080808080808080808080808080808080808080808080808080808080808080808080808080
    1	    1	    1	7f7f7f7f7f7f7f7f7f7f7fcc7f7f7f7f7f7f7f7f7f6a7f7f7f7f7f7f7f7f7f648080805c7f7ff442a87f807f7f807f2cae807fc47fc080b8807f808c7f3680ee
    1	    1	    1	80809b80808080808080d18080808080808080038080808099807f80808080807f7f7f808080d0821c807f80807f8098167f800080046e0c7f807f38808e54d6
    1	    1	    1	7f7f7f7f7f7f7f7f6f7f7f7f7f7f7f7f7f7f7f7f7f7f7f7f7f7f7f7f7f7f7f7f80808080808080808080807f9280808080808080ce1680808080808080a4b61c
    1	    1	    1	7f7f7f808080db8d27807f80807f80a3217f800b800f79177f807f4380995fe180808080ae8e8080f88080809480808080808080808080808080808080808080
    1	    1	    1	7f7f7f7f7f7f7f7f617f7f7f7f7f7f7f7f7f7f7f7f7f7f7f7f7f7f7f7f7f7f7f7f7fd37f7f7f80ed7ffd7f80fbf37f4be1807f7fff807f1f9d807f7f69918080
    1	    1	    1	7f7f7c7f7f7f7f7f7f7f467f7f7f7f7f7f7f7f147f7f7f7f7e7f807f7f7f7f7f8080808080808080808080c88080808080808080808080808080808080808080
    1	    1	    1	7f7f7f7f3c5c767ff27f7f7f567f747f7f7f7f7f7f7f7f7f7f7f7f7f707f7f7f07807f80f7807f7ff97f807f7f7f80517f7f80a97f7f137d7f7f8080337f7f7f
    1	    1	   33	7f7f7f7f3c5c767ff27f7f7f567f747f7f7f7f7f7f7f7f7f7f7f7f7f707f7f7f07807f80f7807f7ff97f807f7f7f80517f7f80a97f7f137d7f7f8080337f7f7f
    1	    1	   33	7f7f7f7f7f7f0e7f7f7f7f7f7f7f7f7f7f7e7f7f6c7f7f7f7f7f7f7f7f7f7f7f7f80807f80847f7f7f7f8030807f7f7f7f2c807f7f7f1a7f7f7fcaf080803e00
    1	    1	   33	7f807f7f807f5fc57f7f807f7f957f19807f83807f7f807fefb3f57f80277f7f7f807f018041dd80253f804147807f97802580807f7f807f8080807f80a57f7f
    1	    1	   33	7f80804880807f7f7f6a80e8807f7f7f7fe4807f7f7fd27f507f82a88080f6b85580800980807f7f7f2b80a9807f7f7f7fa5807f7f7f937f117f80808080b780
    1	    1	   33	807f80f17fb1157fcdb37fb1ab7f805b7fcd7f7f80807f807f7f7f807f4d8080807f80057fc5297fe1c77fc5bf7f806f7fe17f7f80807f807f7f7f807f618080
    1	    1	   33	80d927807f80a57f8d7f806dfb7f777f097fad1707bf807f7f807fa57f807f7f7f7f477f8f7f7f807f807f0173abf780659d7f57677f7f80807f807f807f8080
    1	    1	   33	80a5f3807f80807f807f8039c77f437fd57f80e3d38b807f7f807f807f807f7f7f127f7f7f7f7f7f7f7f0e7f7f7f7f7f7f7f7f7f7f7f7f7f7f7f7f7f7f7f7f7f
    1	    1	   33	8080be807680807f807f8004925a0e7fa06880ae9e80807f7f807f807f807f7f7f80807380807f7f7f7f8013807f7f7f7f0f807f7f7ffd7f7b7fadd3808021e3
    1	    1	   33	8080b8807080807f807f80fe8c54087f9a6280a89880807f7f807f807f807f7f498080fd80807f7f7f1f809d807f7f7f7f99807f7f7f877f057f80808080ab80
    1	    1	   33	80808080808080808080808080a480908080808080808080a2808080808080808080808080808080808080808080808080808080808080808080808080808080
    1	    1	   33	7f7f7f7f7f7f2e7f7f7f7f7f7f7f7f7f7f7f7f7f7f7f7f7f7f7f7f7f7f7f7f7f7f80804880807f7f7f6a80e8807f7f7f7fe4807f7f7fd27f507f82a88080f6b8
    1	    1	   33	802b80808080808080802f808080808080808080808080808080808080808080807f7f807f7f808080807fdc7f80808080e07f808080f2808080421c7f7fce0c
    1	    1	   33	7f7f7f7f7f7f7f7f7f7f7f7f7fe97ffd7f537f517f7f7f7feb7f7f7f7f7f7f7fb280808080805280808080808080808080e28080f48080808080808080808080
    1	    1	   33	807f7f877f7f808080807fe77f80808080eb7f808080fd8080804d277f7fd917808080808080a08080808080807e806a80148016808080807c80808080808080
    1	    1	   33	7f7f7f7f7f7f7f7f7f7f7f7f7fdb7fef7f457f437f7f7f7fdd7f7f7f7f7f7f7f807f80ff7fbf237fdbc17fbfb97f80697fdb7f7f80807f807f7f7f807f5b8080
    1	    1	   33	7fec7f7f7f7f7f7f7f7fe87f7f7f7f7f7f7f7f7f7f7f7f7f7f7f7f7f7f7f7f7f8080808080808080808080808080808080808080808080808080808080808080
    1	    1	   33	7f7f7f7f7f7f4a7f7f7f7f7f7f807f807fd67fd47f7f7f7f807f7f7f7f7f7f7f7f807f7f807f79df7f7f807f7faf7f33857f9d807f7f807f09cd0f7f80417f7f
    1	    2	    1	7f7f7f7f7f7f4a7f7f7f7f7f7f807f807fd67fd47f7f7f7f807f7f7f7f7f7f7f7f807f7f807f79df7f7f807f7faf7f33857f9d807f7f807f09cd0f7f80417f7f
    1	    2	    1	7f807f7f7f7f7f7f0a747f7f7f7f7f7f7f7f527f5c7f7f7f7f7f7f7f687f7f807f7f20ae7f0e7f7f7f0622809e4626807f8018807f807f547fe080807f7f807f
    1	    2	    1	807fa7517f7f7f807f457f80b1e92973f17f7f7f117f7f7f7f977f7f7f807f7f807f80cf1d7f2f8025c37f808080a7f180477f7f8f7f7f7511807f7f7f800b7f
    1	    2	    1	7f7fd8807fc67f7f7fbeda8080fede807f80d0807f807f0c7f9880807f7f807f7f7f99807f875f7f5d809b8080bf9f807f8091807f807fcd7f8080807f65807f
    1	    2	    1	7f807f23d580c37fcd2f807f7f7f4b017fab808063808080e17f8080807fe7807f807f37e980d77fe143807f7f7f5f157fbf808077808091f57f8080807ffb80
    1	    2	    1	7f80a17fb17f5f7f09807f757f80c7c17f7f4580807f7f807f657f7f80805780807f7f807f930f80657f97f9807f7f7f8f80297f7fbba77f810980807f7f177f
    1	    2	    1	7f80807f807f2b7fd5807f417f80938d7f7f1180807f7f807f317f7f808023807f7f7f7f7f7f7f7f7f347f4e7f7f7f7f7f7f7f7f7f7f7f7f7f467f7f7f7f607f
    1	    2	    1	7f80807f8072f67fa0806e0c7f808080767fdc80804a5e807ffc7f7f8080ee807f7f03917ff17f7f7fe90580812909807f80fb807f807f377fc380807f7f807f
    1	    2	    1	7f80807f806cf07f9a8068067f808080707fd680804458807ef67f7f8080e8807f7f8d807f80537f51808f8080b393807f8085807f807fc17f8080807f59807f
    1	    2	    1	d88080808080805e8080808080808080808080808080808080808080808080808080808080808080808080808080808080808080808080808080808080808080
    1	    2	    1	7f807f7f7f7f7f7f2a7f7f7f7f7f7f7f7f7f727f7c7f7f7f7f7f7f7f7f7f7f807f7fd8807fc67f7f7fbeda8080fede807f80d0807f807f0c7f9880807f7f807f
    1	    2	    1	8080808080808080800980ef80808080808080808080808080f780808080dd808080ec5e80fe80808006ea7f6ec6e67f807ff47f807f80b8802c7f7f80807f80
    1	    2	    1	b57f7f7f7f7f7f807f7f7f7f7f7f7f7f797f7f7f7f7f7f7f7f7f7f7f7f7f7f7f807f8080b680bc8056ec80808080808080800e80048080a680808080f880807f
    1	    2	    1	8080f769800980808011f57f79d1f17f807fff7f807f80c380377f7f80807f807f8080808080807fc080808080808080ee8080808080808080dc808080808080
    1	    2	    1	a77f7f7f7f7f7f807f7f7f7f7f7f7f7f6b7f7f7f7f7f7f7f7f7d7f7f7f7f7f7f7f807f31e380d17fdb3d807f7f7f590f7fb980807180808bef7f8080807ff580
    1	    2	    1	7f7f7f7f7f7f7f7f7f0e7f287f7f7f7f7f7f7f7f7f7f7f7f7f207f7f7f7f3a7f807f808080808080808080808080808080808080808080808080808080808026
    1	    2	    1	807f7f7f7f7f78802a7f7f7f7f7f7f7ffc7f7f7f7f7f7f7f7a0e7f7f7f7f7f7f807fc16b7f7f7f807f5f7f80cb03437f0b7f7f7f2b7f7f7f7fb17f7f7f807f7f
    1	    2	   33	807f7f7f7f7f78802a7f7f7f7f7f7f7ffc7f7f7f7f7f7f7f7a0e7f7f7f7f7f7f807fc16b7f7f7f807f5f7f80cb03437f0b7f7f7f2b7f7f7f7fb17f7f7f807f7f
    1	    2	   33	7f7f7f7f7f7f7f1a7f7f7f7f7f7f7f7f7f7f7f7f647f7f7f7f7f7f7f7f7f7f7f807f7f802e7e8058e8ae7f7f80807fea807f6c7f7f8080447f7fd8807f7fa892
    1	    2	   33	7f7f817f9919517f80a97f8080457f8080117f807f7f0d7f17838080c5807f7f7f7f807f8097cf7f80807f8080c37f80808f7f80437f8b7f9580808080807f7f
    1	    2	   33	807f7f80e6368010a0807f7f80807fa2807f247f7f8080fc7f7f90807f7f8080807f7380a7f780d18080537f80807f80807fe57f7f8080bd7f7f80805b7f8080
    1	    2	   33	80807f807f5b23807f7f807f7f2f807f7f63807faf8067805d7f7f7f7f7f808080807f807f6f37807f7f807f7f43877f7f77807fc3807b80717f7f7f7f7f8080
    1	    2	   33	807f673f7f477f097f807f7f357f80807f807f7f80817ff151807f7f57e599af7f80072f8027e765807f808f39807f7f807fa1807f7f807d1d7f80dd177f7f7f
    1	    2	   33	807f330b7f1353d57f807f7f017f80807f807f7f80807fbd1d807f5d23b180807f7f7f7f7f7f7f7f7f7f7f7f7f7f7f287f7f7f7f7f7f7f7f7f7f7f7f7f7f7f7f
    1	    2	   33	807ffed67fde1ea07f807f76cc7f80807f80647f80807f88e8807f28ee808080807f7f801161803bcb917f7f80807fcd807f4f7f7f8080277f7fbb807f7f8b80
    1	    2	   33	807ff8d07fd8189a7f807f70c67f80807f805e7f80807f82e2807f22e8808080807f67809beb80c58080477f80807f80807fd97f7f8080b17f7f80804f7f8080
    1	    2	   33	80808080808080808080808080808080808080308080808080808080808080808080808080808080808080808080808080808080808080808080808080808080
    1	    2	   33	7f7f7f7f7f7f7f3a7f7f7f7f7f7f7f7f7f7f7f7f7f7f7f7f7f7f7f7f7f7f7f7f807f7f80e6368010a0807f7f80807fa2807f247f7f8080fc7f7f90807f7f8080
    1	    2	   33	808080808080a98080b9808080808015808080808080808080808080808080807f80807fde8e7fb4245e80807f7f80227f80a080807f7fc88080347f8080647a
    1	    2	   33	7f7f297f7f7f7f7f7f7f7f357f7f7f7f7f7f7f807f7f7f7f7f7f7f7f7f7f7f7f8080808080808046808080808080cc8080808080fc8080808080808080808080
    1	    2	   33	7f80807fe9997fbf2f6980807f7f802d7f80ab80807f7fd380803f7f80806f7f80803e80808080809c809e32808080808080807f808080808080908080808080
    1	    2	   33	7f7f1b7f7f7f7f7f7f7f7f277f7f7f7f7f7f7f807f7f7f7f7f7f7f7f7f7f7f7f80807f807f6931807f7f807f7f3d817f7f71807fbd8075806b7f7f7f7f7f8080
    1	    2	   33	7f7f7f7f7f7f6e7f7f5e7f7f7f7f7f027f7f7f7f7f7f7f7f7f7f7f7f7f7f7f7f8080808080808080808080808080808080808080808080808080808080808080
    1	    2	   33	7f7fac7f7f7f7f7f4e7f4cb87f7f7f7f7f7f7f807f7f7f7f7f7f5a7f7f7f7f7f7f7f9b7fb3336b7f80c37f80805f7f80802b7f807f7f277f319d8080df807f7f
    1	    3	    1	7f7fac7f7f7f7f7f4e7f4cb87f7f7f7f7f7f7f807f7f7f7f7f7f5a7f7f7f7f7f7f7f9b7fb3336b7f80c37f80805f7f80802b7f807f7f277f319d8080df807f7f
    1	    3	    1	7f7f7f787f7f7f7f807f7f7f7f7f7f7f7f7f7f7f7f7f7f7f7f7f7fae7fda7f7f5a7f244a7f2e7f807fb8ae3e8080807f7f7f7f70d42e7f867f807f7f127fda02
    1	    3	    1	697f7f7fb57f73807f5f80b5807f7f517fbb7feb807f7f7f7f807f7f807f7f80e77f4533807ff1807fdd8080807f7fcf7f802b8080033f6b7f807f7f807f7f80
    1	    3	    1	127fdc027fe67f807f8080f6808080727f7f3a288ce656807f804064ca7f92bad3699dc37fa77f807f8080b780808033737ffbe980a717807f8001258b558080
    1	    3	    1	0b80adbf7f80017f80157f7f7f808023807fc77f7fefb387807f80807f80807f1f80c1d37f80157f80297f7f7f808037807fdb7f7f03c79b807f80807f80807f
    1	    3	    1	807f7f807f7f5d80807f7f808080807f7f7f7f807f7f80807f7f808080a97f537fa1807fbf80117f7f80807f7f7f7f978080807f80807f7f80807f7f7f7f801b
    1	    3	    1	807f7f807b7f2980807f7f808080807f7f7f7f807f7f80807f7f808080807f1f7f7f7f7f7f7f7f807f7f7f7f147f7f7f7f7f7f7f7f7f7f7f7f7f7f7f607f7f7f
    1	    3	    1	80647f80467ff480807f7f808080806e7f7f7f807f7f80807f7f808080807fea3d7f072d7f117f807f9b91218080807f7f7f6553b7117f807f806b7ff57fbde5
    1	    3	    1	805e7f80407fee80807f7f80808080687f7f7f807f7f80807f7f808080807fe4c75d91b77f9b7f807f8080ab80808027677fefdd809b0b807f80f51980498080
    1	    3	    1	8080808080808080808080808080808080e280808080808080808080808080808080808080808080808080808080808080808080808080808080808080808080
    1	    3	    1	7f7f7f7f7f7f7f7f807f7f7f7f7f7f7f7f7f7f7f7f7f7f7f7f7f7fce7ffa7f7f127fdc027fe67f807f8080f6808080727f7f3a288ce656807f804064ca7f92ba
    1	    3	    1	808080808080807f8080808029808080808080808080808080808080dd808080b280e8c280de807f80545ece7f7f7f8080808a9c38de807f807f8480fa80320a
    1	    3	    1	7f7f7f7f357f7f7f7f7f7f7f7f7f7f7f7fab7f7f7f7f7f7f7f7f7f7f7f7f7f7f809680e8808080807f8080808080808080808080808080808080827f807f8080
    1	    3	    1	bd80f3cd80e9807f805f69d97f7f7f80808095a743e9807f807f8f8005803d158080a48032808080809c808080808080807f8080808080808080808080808080
    1	    3	    1	7f7f7f7f277f7f7f7f7f7f7f7f7f7f7f7f9d7f7f7f7f7f7f7f7f7f7f7f7f7f7f1980bbcd7f800f7f80237f7f7f808031807fd57f7ffdc195807f80807f80807f
    1	    3	    1	7f7f7f7f7f7f7f807f7f7f7fee7f7f7f7f7f7f7f7f7f7f7f7f7f7f7f3a7f7f7f80808080808080806a808080808080808080808080808080808080c6809a8080
    1	    3	    1	7f7f467fb87f7f7f7f4e7f7f7f7f7f7f7f807f7f7f7f7f7f7f7f7f7f7f7f7f7f7f7f7f7fcf7f7f807f7980cf807f7f6b7fd57f05807f7f7f7f807f7f807f7f80
    1	    3	   33	7f7f467fb87f7f7f7f4e7f7f7f7f7f7f7f807f7f7f7f7f7f7f7f7f7f7f7f7f7f7f7f7f7fcf7f7f807f7980cf807f7f6b7fd57f05807f7f7f7f807f7f807f7f80
    1	    3	   33	7f147f7ffe7fb87f7f327f587f7f7f7f7f7f7f7f7f7f2e7f7f7f7f7f7f7f7f7f7f5a7f7f7f807f80387f807f7f7fdc7fbe7f7f967f807f80807f067f7f8090fa
    1	    3	   33	7f7f7f5b7f807f7f7f7f7f7f7f8780a7807fd37f7f7f7f7f7fbb7f097f807f157f4b7fd97f807f57617f7f137f808080807f807f597f41097f802f8711807f93
    1	    3	   33	7f127f487f807f80f07f807f7f7f947f807f7f807f807f80807fbe7f7f8080b27fd37f097f807f80b17f807f7f7f807f807f65807f807f80807f807f7f808080
    1	    3	   33	80a78019807f809b918080df807f7f7f7f807f809980b1e9807fc36be17f805f85bb802d807f80afa58080f3807f7f7f7f807f80ad80c5fd807fd77ff57f8073
    1	    3	   33	7fcb7ffd497f8080809921737f91f5807f7f7f8f7fe1d5c17f807f7f807f7f7fa17f937125807f7f7f7f4dfb807f797fdfb9807f897f7f7f807f80807f808080
    1	    3	   33	7f977fc9157f80808080ed3f7f80c1805b7f7f807fada18d7f807f7f807f7f7f7f7f7f7f7f7f7f7f7f7f7f7f7f7f1e7f7f7f7f7f7f7f7f7f7f7f7f7f7f7f7f7f
    1	    3	   33	64807294e07f80808080b80a7f808c80264c7f807c8080807f807f7f807f7f7f7f3d7f737f807f801b7f807f7f7fbf7fa17f7f807f807f80807fe97f7f8080dd
    1	    3	   33	5e806c8eda7f80808080b2047f80868020467f80768080807f807f7f807f7f7f7fc77ffd7f807f80a57f807f7f7f807f807f59807f807f80807f807f7f808080
    1	    3	   33	808080808080808080808080808080808080fe808080808080808080808080808080808080808080808080808080808080808080808080808080808080808080
    1	    3	   33	7f347f7f1e7fd87f7f527f787f7f7f7f7f7f7f7f7f7f4e7f7f7f7f7f7f7f7f7f7f127f487f807f80f07f807f7f7f947f807f7f807f807f80807fbe7f7f8080b2
    1	    3	   33	808d8080808080808080808080801f8080808080808080a7808080808080808080b28080807f807fd4807f80808030804e808076807f807f7f800680807f7c12
    1	    3	   33	7f7f7f7f7f7f7f7f7f7f7f797f7f7f7f7f7f8f7f7f7f7f7f7f7f7f657f7f7f79ae4c948062807f80802e80088080808080828080ca8032808096808080808080
    1	    3	   33	80bd8087807f807fdf807f8080803b805980807f807f807f7f801180807f7f1d8080808080808080808080ee8080908080807f80dc80808080808002808080ee
    1	    3	   33	7f7f7f7f7f7f7f7f7f7f7f6b7f7f7f7f7f7f817f7d7f7f7f7f7f7f577f7f7f6b80b58027807f80a99f8080ed807f7f7f7f807f80a780bff7807fd179ef7f806d
    1	    3	   33	7f7f7f7f7f7f7f7f7f7f7f7f7f7ff87f7f7f7f7f7f7f7f707f7f7f7f7f7f7f7f808080808080bc80808080808080808080808080808080808080808080808080
    1	    3	   33	6a7f7f7f7f7f7f7f7f7f7ffc7f7f5a7f7f7f807f0e7f7f7f7f7f7fe87f7f7ffc7f7f7f757f807f7f7f7f7f7f7fa180c1807fed7f7f7f7f7f7fd57f237f807f2f
    1	    4	    1	6a7f7f7f7f7f7f7f7f7f7ffc7f7f5a7f7f7f807f0e7f7f7f7f7f7fe87f7f7ffc7f7f7f757f807f7f7f7f7f7f7fa180c1807fed7f7f7f7f7f7fd57f237f807f2f
    1	    4	    1	227f7f807f7f7f7f7f7f7f7f7fb47f7f7f7f7f7f7f7f7f7f5c7f7f7f7f7f7f7f7fb0f27f808030807f7f04f47f7f7fc67f7f7f7fee427f967ffa807fa280d07f
    1	    4	    1	7f7f807f7f7f7f557f7f807f0b7fb3f97f7fe78021807f807f6d097f7f277f65597f807f7f7f69d37f118025897f80807f7f80809f807f80ffeb877f7fa541e3
    1	    4	    1	7080aa7f8080e8807f7fbcac7f7f7f807f7f7f7fa6fa7f807ab2803a8080887f3180807f8080a9807f7f80807f7f7f80497f455380bb41803b8080fb8080807f
    1	    4	    1	99807f808080891f80e17fcd69807f7b80807f7f537f807ff3076b80804db10fad807f8080809d3380f57fe17d807f7f80817f7f677f807f071b7f808061c523
    1	    4	    1	80d180803b80152f7f7fe17f7f977f777f7f807f3b477f7f8080237f807f7f7f7f7f7f7f337f593f80a57f80807f80f780807f803327e5cf7f7f4b807f80b9b7
    1	    4	    1	809d80800780e1fb7f7fad7f7f807f437f7f807f0713556b8080ef7f807f7f7f7f7f547f7f7f7f7f7f7f7f7f7f7f7f7f7f7f7f7f7f7f7f7f7f7f7f7f7f7f7f7f
    1	    4	    1	80808080d280acc67f60807f7f807f0e7f7f807fd2de20368080ba7f807f4c4e7f93d57f808013807f7fe7d77f7f7fa97f7f7f7fd1257f807fdd80658580b37f
    1	    4	    1	80808080cc80a6c07f5a807f7f807f087f7f807fccd81a308080b47f807f46482580807f80809d807f7f80807f7f7f803d75394780af35802f8080ef8080807f
    1	    4	    1	80808080808080808080808080800e80808080b08080808080808080808080808080808080808080808080808080808080808080808080808080808080808080
    1	    4	    1	427f7f847f7f7f7f7f7f7f7f7fd47f7f7f7f7f7f7f7f7f7f7c7f7f7f7f7f7f7f7080aa7f8080e8807f7fbcac7f7f7f807f7f7f7fa6fa7f807ab2803a8080887f
    1	    4	    1	8080e98080808080808080808080808080808080808080808080b98080808080805c1a807f7fdc7f8080081880808046808080801eca807680127f8a6a7f3c80
    1	    4	    1	7f7f7f7f7f7f7f7f7f7f7f7f3b7f807f7f7f7fdd7f7f7f7f7f7f7f7f7f7f7f753e80807f8080808080808080807f80808080ba8080809e800480808080808098
    1	    4	    1	806725807f7fe77f80801323808080518080808029d5807f801d7f95757f47808080808080808080809c80802c807f808080807f8080808080808080808080f2
    1	    4	    1	7f7f7f7f7f7f7f7f7f7f7f7f2d7f807f7f7f7fcf7f7f7f7f7f7f7f7f7f7f7f67a7807f808080972d80ef7fdb77807f7f80807f7f617f807f01157980805bbf1d
    1	    4	    1	7f7f2e7f7f7f7f7f7f7f7f7f7f7f7f7f7f7f7f7f7f7f7f7f7f7f5e7f7f7f7f7f80808010808080808080808080c0808080808080808080808080808080808080
    1	    4	    1	7f7f7f7f7f7f7f7f7f4e7f7fbe7f807f7f7f7f807f7f7f7f7f7f7f7f7f7f7ff87f7f877f7f7f7f6f7f7f807f257fcd137f7f01833b807f807f7f237f7f417f7f
    1	    4	   33	7f7f7f7f7f7f7f7f7f4e7f7fbe7f807f7f7f7f807f7f7f7f7f7f7f7f7f7f7ff87f7f877f7f7f7f6f7f7f807f257fcd137f7f01833b807f807f7f237f7f417f7f
    1	    4	   33	7f7f7f7f7f7f7f7f7f7f607f7f7f7f7f7f7f7f7f7f807f7f107f7f7f7f507f7f80807fd87f807f7f807f36b0b080eae4167f32807f7f80067f7f7f7fda7f8056
    1	    4	   33	8080077f805d4f7f807f197f7f7f7f808029c57f7f7f7fb17f7f7f7fbd7f697f8080857f80dbcd7f807f977f7f7f7f8080a7805b7f7f6b807f7f233d804fe737
    1	    4	   33	80807f9062807f7f807fee808080a29cce7fea805a7f80be7f7f3e7f9266800e80807f8023806d778079af80808080808f7bab801b7f80806b6fff7f802780cf
    1	    4	   33	7f7f6d807f1725807f805b808080807f7f4b7f978080877f8080cfb57fa30bbb7f7f7f807f2b39807f806f808080807f7f5f7fab80809b7f8080e3c97fb71fcf
    1	    4	   33	677d7f7fc37f8d7f7f7fb7807f7d80f57f7f7f7f80804f7f80cf7f7f6b807f7f07f18ddd7f807f8080dd7f7f80f17f79db8080a77f7f1f807f7f808d037f8780
    1	    4	   33	33497f5d8f7f807f7f5d83807f4980c15f7f7f7f80801b7f809b7f7f37807f7f7f7f7f7f7f7f7f7f7f7f247f7f7f7ff67f7f7f7f7f7f7f7f7f7f7f7f7f7f7f7f
    1	    4	   33	fe147828807f807f7f2880807f14808c2a7f7f5e8080e67f80807f7802807e7f80807fbb7f807f7f807f19939380cdc7f97f15807f7f80e97f7f697fbd7f8039
    1	    4	   33	f80e7222807f807f7f2280807f0e8086247f7f588080e07f80807f72fc80787f80807f801780616b806da38080808080836f9f800f7f80805f63f37f801b80c3
    1	    4	   33	80808080808080808080808080808080808080808080808080808080808080808080808080808080808080808080808080808080808080808080808080808080
    1	    4	   33	7f7f7f7f7f7f7f7f7f7f7f7f7f7f7f7f7f7f7f7f7f807f7f307f7f7f7f707f7f80807f9062807f7f807fee808080a29cce7fea805a7f80be7f7f3e7f9266800e
    1	    4	   33	80978080808080808080198080808047808080808080808080808080808080807f7f8034807f80807f80d65c5c7f2228f680da7f80807f068080868032807fb6
    1	    4	   33	7f7f1b7f7f7f7f7f7f7f7f7f7f7f7f7f7f7f417f7f7f7f7f7f7f517f7f7f7f7f8080808080808080808000a68080808080808080807f80805080808080108080
    1	    4	   33	7f7f803f807f80807f80e167677f2d330180e57f80807f11808091803d807fc180804c80808080808080a680808080c0809e2680808080808080168080808080
    1	    4	   33	7f7f0d7f7f7f7f7f7f7f7f7f7f7f7f7f7f7f337f7f7f7f7f7f7f437f7f7f7f7f7f7f7b807f2533807f8069808080807f7f597fa58080957f8080ddc37fb119c9
    1	    4	   33	7f7f7f7f7f7f7f7f7f7ffe7f7f7f7fd07f7f7f7f7f7f7f7f7f7f7f7f7f7f7f7f8080808080808080808080808080808080808080807f80808080808080808080
    1	    4	   33	7f7f9e7f7f7f7f7f7f7f447f7f7f7f2a7f4cc47f7f7f7f7f7f7fd47f7f7f7f7f8091217f8077697f807f337f7f7f7f808043df7f7f7f7fcb7f7f7f7fd77f7f7f
    1	    5	    1	7f7f9e7f7f7f7f7f7f7f447f7f7f7f2a7f4cc47f7f7f7f7f7f7fd47f7f7f7f7f8091217f8077697f807f337f7f7f7f808043df7f7f7f7fcb7f7f7f7fd77f7f7f
    1	    5	    1	7f7f7f7f7f7f7f7f7f7f7f7f7f7f767f3a7f7f7f7f7f7f7f7f7f7f7f7f647f7f807f7f4c7f80a07f807f7fb0807fdce47f387f2a807f7f7f8080707f302e7f80
    1	    5	    1	7f80c57f807f777f03237f9721b37f7f5b5b807f7f7f801d7f6f80807f117f7f7f808021807ff57581a17f809f807f7fd9d9807f7f7f809b29ed80807f8f5f7f
    1	    5	    1	807f7f047f80807f807f7f808068949c7ff038e2807f487f80802856e8e66280807f7fc55b80807f807f7f80802980807fb1f9a3807f09638080e917a9a72380
    1	    5	    1	807f7fd17f80fd807151807f537f808019197f8080807f57c9057f7f80639380807f7fe57f8011917f65807f677f80802d2d7f8080807f6bdd197f7f8077a780
    1	    5	    1	8083c780807f7f7f7f8021807f808080807f807f7f7f8080807f80437f807f7f7f7f7f7f7f808085957f4d7f807f7f7f7fa17f8b80a57f7f7f957f2b807f8080
    1	    5	    1	80809380807f7f7f7f80ed807f808080807f807f7f7f8080807f800f7f807f7f7f7f7f7f7f7f7f7f7f7f7f7f7f7f7f7f7f7f7f7f7f7f7f7f7f7f7f7c7f187f7f
    1	    5	    1	80808080807f7f7f7080b8807f8080808064807a7f608080807080da7f807f7f807f7f2f7f80837f807f7f93807fbfc77f1b630d807f737f8080537f13117f80
    1	    5	    1	80808080807f7f7a6a80b2807f808080805e80747f5a8080806a80d47f807f7f807f7fb94f80807f807f7f80801d80807fa5ed97807ffd578080dd0b9d9b1780
    1	    5	    1	80808080808080808080808080808080808080808080808080808080808080808080808080808080808080808080808080808080808080808080808080808080
    1	    5	    1	7f7f7f7f7f7f7f7f7f7f7f7f7f7f7f7f5a7f7f7f7f7f7f7f7f7f7f7f7f7f7f7f807f7f047f80807f807f7f808068949c7ff038e2807f487f80802856e8e66280
    1	    5	    1	808080808080808080808080808080808080b7808080b780808080c1802580807f8080c0807f6c807f80805c7f80302880d48ce27f8080807f7f9c80dcde807f
    1	    5	    1	7f7f7f7f7f7f7f7f7f7f7f7f7f7f7f7f7f7f7f7f7f7f7f7f7f7f7f257f7f7f7f808080808080808080ca80808080ea8026808080808080ac8080808080fc8080
    1	    5	    1	7f8080cb807f77807f8080677f803b3380df97ed7f8087807f7fa780e7e9807f8092828080808080808080808080808080808080808080808080804280808080
    1	    5	    1	7f7f7f7f7f7f7f7f7f7f7f7f7f7f7f7f7f7f7f7f7f7f7f7f7f7f7f177f7f7f7f807f7fdf7f800b8b7f5f807f617f808027277f8080807f65d7137f7f8071a180
    1	    5	    1	7f7f7f7f7f7f7f7f7f7f7f7f7f7f7f7f7f7f607f7f7f607f7f7f7f567ff27f7f8080808080808080808080808080808080808080808080808080808080808080
    1	    5	    1	7f58687f7f7f7f7f7f7f7f7f7f7f7f7f7f7f7f7f7f7f7f7f7f7f7fa87f7f7f7f7f93df7f807f7f7f1d3d7fb13bcd7f7f7575807f7f7f80377f7f80807f2b7f7f
    1	    5	   33	7f58687f7f7f7f7f7f7f7f7f7f7f7f7f7f7f7f7f7f7f7f7f7f7f7fa87f7f7f7f7f93df7f807f7f7f1d3d7fb13bcd7f7f7575807f7f7f80377f7f80807f2b7f7f
    1	    5	   33	7f7f7f7f7f7f7f7f7f7f7f7f7f7f7f7f7f7f7f7f7f7f7f7f7f7f7f7f7f7f7f7fa27f00807f307fbe6022807f7f7f7f7f6c7f807f8080147f267f7f7f7f807f80
    1	    5	   33	a97f237f807f808d807f7f7f7fb9bf80d7807fed7fafb77f80807f7f8080807f807fa10b807f8080807f717f6580808080807f807f80807f80807f7f8080800b
    1	    5	   33	807fb88060e87f8018da807f7f7f7f7f2478807f8080cc7fde7f7f7f56807f80807f808021a97f80d99b807f7f5b7f79e539807f80808d7f9f7f7f7f17807f80
    1	    5	   33	7f8051e77f807f7f7f8081808d7f7f7f7f7f807f807f7f807f7f80807f7f7fe77f8065fb7f807f7f7f809580a17f7f7f7f7f807f807f7f807f7f80807f7f7ffb
    1	    5	   33	7f7f7fcf557f0380357f7f7f3dd37f807f807f7f57717f7f807f7f7f7f7f807f80d1807f19e96b7f39808080317fc97fa57f80d317fd80807fc3808080a57fcb
    1	    5	   33	7f697f9b2151cf80017f7f7f099f71807f807f67233d7f7f80777f7f7f7f806f7f7f7f7f7f7f7f0c7f7f7f7f7f7f7f7f7f7f7f7f7f7f7f7f447f7f7f7f7f7f7f
    1	    5	   33	7f347f80ec1c9a80cc7f7f7fd4803c8060807f32ee087f7f80427f7f7f60803a857fe3807f137fa14305807f7f7f7f7f4f7f807f8080f77f097f7f7f7f807f80
    1	    5	   33	7f2e7f80e6169480c67f7f7fce8036805a807f2ce8027f7f803c7f7f7f5a8034807f8080159d7f80cd8f807f7f4f7f6dd92d807f8080817f937f7f7f0b807980
    1	    5	   33	80808080808080808080808080808080808080808080808080808080c08080808080808080808080808080808080808080808080808080808080808080808080
    1	    5	   33	7f7f7f7f7f7f7f7f7f7f7f7f7f7f7f7f7f7f7f7f7f7f7f7f7f7f7f7f7f7f7f7f807fb88060e87f8018da807f7f7f7f7f2478807f8080cc7fde7f7f7f56807f80
    1	    5	   33	808080808080803180808080808080808080808080808080f9808080808780806a800c7f80dc804eacea7f8080808080a0807f807f7ff880e6808080807f807f
    1	    5	   33	7f7f7f7f537f7f7f7f7f7f7f7f7f277f7f7f7f7f7f7f7f7f7f7f7f7fcd7f7f7f8080808080808080809080808080808080808080808080808080808080808080
    1	    5	   33	7580177f80e78059b7f57f8080808080ab807f807f7f0380f1808080807f807f808080801480a680a080808080804080808080808080848080da80807f808080
    1	    5	   33	7f7f7f7f457f7f7f7f7f7f7f7f7f197f7f7f7f7f7f7f7f7f7f7f7f7fbf7f7f7f7f805ff57f807f7f7f808f809b7f7f7f7f7f807f807f7f807f7f80807f7f7ff5
    1	    5	   33	7f7f7f7f7f7f7fe67f7f7f7f7f7f7f7f7f7f7f7f7f7f7f7f1e7f7f7f7f7f7f7f8080808080808080808080808080808080808080808080808080808080808080
    1	    5	   33	7f7f7f7fd67f447f4a7f7f7f7f7faa7f7f7f7f7f7f7f667f7f107f7f807f7f7fc37f3d7f807f80a7807f7f7f7fd3d995f1807f077fc9d17f80807f7f8380807f
    1	    6	    1	7f7f7f7fd67f447f4a7f7f7f7f7faa7f7f7f7f7f7f7f667f7f107f7f807f7f7fc37f3d7f807f80a7807f7f7f7fd3d995f1807f077fc9d17f80807f7f8380807f
    1	    6	    1	7f7f7f7f7f7f7f7f7f7f7f7f7f7f7f7f7f7f2e7f7f7f7f7f7f7f7f7f7f7fce7ffa34387f007f18aeca7f7f808080187f7f807fd87fa87f7f2a7f808010c67f92
    1	    6	    1	7f807f7f80017f7f803f7f7f9b7f7f9fd37f7fe37f8039808513e1807f807f7f7f807f7f80807f1780bd6f3b807f4580801339807f80b780809180807f80257f
    1	    6	    1	b2ecf07fb87fd080827f7f808080d07f7f807f907f807f42e27f8080c8807f8080adb17f807f9180807f5f80808091497f807f807f806703a37f808089805180
    1	    6	    1	807f80807f7380db7f3583b77f80ad7f7fdfb97f807f3b7f7f617f7f807fcd80807f80807f7f80ef7f4997cb7f80c17f7ff3cd7f807f4f7f7f757f7f807fe180
    1	    6	    1	807f157f7f7f7f80577d809b8d8080809d4781807f7f80837f7f7f807f80807f7f805983c580bd7f17f17f7f7f7f7f7f7f277f7f80d57f7f80809f7f997f7fbb
    1	    6	    1	807fe17f757f7d802349808080808080801380807f6580807f7f7f807f80807f7f7f7f7f7f7f7f7f7f7f7f7f807f7f7f7f7f7f7f7f7f7f7f7f7f7f807fc07f7f
    1	    6	    1	807fac7f407f4880ee1480808080808080de80807f3080807f7f66806c80804add171b7fe37ffb91ad7f7f808080fb7f7f807fbb7f8b7f6d0d7f8080f3a97f80
    1	    6	    1	807fa67c3a7f4280e80e80808080808080d880807f2a80807f7f60806680804480a1a57f807f8580807f53808080853d7f807f807f805bf7977f808080804580
    1	    6	    1	80808080808080808080808080808080808080808080808080928080808080808080808080808080808080808080808080808080808080808080808080808080
    1	    6	    1	7f7f7f7f7f7f7f7f7f7f7f7f7f7f7f7f7f7f4e7f7f7f7f7f7f7f7f7f7f7fee7fb2ecf07fb87fd080827f7f808080d07f7f807f907f807f42e27f8080c8807f80
    1	    6	    1	8080808080808080a58080807f808080808d8080808080808080807f807d808012d8d4800c80f45e4280807f7f7ff480807f803480648082e2807f7ffc46807a
    1	    6	    1	7f7f7f7f7f7f7f7f7f7f7f7f7f7f7f7f7f7f7f7f7f7f7f7f7ffb7f7f7f7f7f7f9c8080c4808080808080b4808080808080803280808080808080808080807f80
    1	    6	    1	1de3df801780ff694d80807f7f7fff80807f803f806f808ded807f7f0751807f80808080809a808080808080808080808080808080808080806c808080808080
    1	    6	    1	7f7f7f7f7f7f7f7f7f7f7f7f7f7f7f7f7f7f7f7f7f7f7f7f7fed7f7f7f7f7f7f807f80807f7f80e97f4391c57f80bb7f7fedc77f807f497f7f6f7f7f807fdb80
    1	    6	    1	7f7f7f7f7f7f7f7f727f7f7f807f7f7f7f7f7f7f7f7f7f7f7f7f7f807f9a7f7f808080808080808080808080808080808080808080808080808080808080a680
    1	    6	    1	7f7f7f7f7f507f7f7f7f7f7f7f7f7f7f7f7f7f7f7f7f7f7f7f807f7f7f7f7f7f7f807f7f801b7f7f80597f7fb57f7fb9ed7f7ffd7f8053809f2dfb807f807f7f
    1	    6	   33	7f7f7f7f7f507f7f7f7f7f7f7f7f7f7f7f7f7f7f7f7f7f7f7f807f7f7f7f7f7f7f807f7f801b7f7f80597f7fb57f7fb9ed7f7ffd7f8053809f2dfb807f807f7f
    1	    6	   33	807f7f7f427f7f7f7f7f7f7f7f7f7f7f7f7f7f7f7f7f7ffa747f7f7f7f7f7f7f7f8a807f7f8058807f7fc09c8092ca80cc7f7f7f027fc67f7f80a40ebab87f80
    1	    6	   33	7f8080807f6b7f6980217b807f8091757f7f5d997f7f4d7f7f097f7f80e74f7f7f8080807fe97fe7809ff9807f8080f3317fdb807f7fcb7f7f877f7f8080cd7f
    1	    6	   33	7f80807f7f8010807f7f808080808280847f427fba7f80647f8080c680807f807580807f7f80d1807f7f808080808080807f037f807f80257f80808780807f80
    1	    6	   33	807f7f7f8009800b7f53f97f807f7fffc180177f80802780806b80807f7f2580807f7f7f801d801f7f670d7f807f7f13d5802b7f80803b80807f80807f7f3980
    1	    6	   33	817f8031f96d7f130f7ff57f7fcb807f7f5b7faf807f80807f7f0d7f7f797f807f937f3d7501805b5f807980807f7f808013807f7f807f7fd3c36180aff5897f
    1	    6	   33	807f80fdc5397fdfdb7fc17f7f97807f7f277f80807f80806777d97f7f457f807f7f807f7f7f7f7f7f7f7f7f7f7f707f7f7f7f7f7f7f3c7f7f7f7f7f7f7f7f7f
    1	    6	   33	807280c890047faaa67f8c7f7f80807f7ff27f80807f80803242a47f56107c807f80807f7f803b807f7fa3808080ad80af7f6d7fe57fa97f7f8087f19d9b7f80
    1	    6	   33	806c80c28afe7fa4a07f867f7f80807f7fec7f80807f80802c3c9e7f500a76806980807f7f80c5807f7f808080808080807ff77f807f80197f80808080807f80
    1	    6	   33	80808080808080808080808080808080808080808080808080808080808080808080808080808080808080808080808080808080808080808080808080808080
    1	    6	   33	967f7f7f627f7f7f7f7f7f7f7f7f7f7f7f7f7f7f7f7f7f1a7f7f7f7f7f7f7f7f7f80807f7f8010807f7f808080808280847f427fba7f80647f8080c680807f80
    1	    6	   33	80807f8080808080808080808080cd8080808080808001808080808080808080807f7f80807fb47f80804c707f7a427f408082800a804680807f68fe5254807f
    1	    6	   33	7f7f7f6b7f7f7f7f7f7f7f7f7f7f7f7f7f7f7f7f7f7f7f7f7f7f7f7f7f7f777f7f8080801e808080808080808080808080808080dc80ac66ec80808080808080
    1	    6	   33	807f7f80807fbf7f8080577b7f7f4d7f4b808d8015805180807f73095d5f807f808080fc8080808080aa8080808080808080808080808080808080808080f080
    1	    6	   33	7f7f7f5d7f7f7f7f7f7f7f7f7f7f7f7f7f7f7f7f7f7f7f7f7f7f7f7f7f7f697f807f7f7f801780197f61077f807f7f0dcf80257f80803580807980807f7f3380
    1	    6	   33	7f7f807f7f7f7f7f7f7f7f7f7f7f4a7f7f7f7f7f7f7f167f7f7f7f7f7f7f7f7ffe80808080808080808080808080808080808080808080808080808080808080
    1	    6	   33	7f747fee7f7f7f7f7f407f7f7f7f7f7f7f7f7f7f7f7f7f7f7f7f7f7f7f7ffa7f7f8080807f7f7f7f803b7f807f80ab7f7f7f77b37f7f677f7f237f7f8001697f
