xxxxxxxxxxxxxxxxxxxxxxxxxxxxxxxxxxxxxxxxxxxxxxxxxxxxxxxxxxxxxxxxxxxxxxxxxxxxxxxxxxxxxxxxxxxxxxxxxxxxxxxxxxxxxxxxxxxxxxxxxxxxxxxx
00000000000000000000000000000000000000000000000000000000000000000000000000000000000000000000000000000000000000000000000000000000
0000000000000000000000000000000000000000000000000000000000000000000703020a08000709080502040a0b090b030b00090304060504060505040403
00000000000000000000000000000000000000000000000000000000000000000000000000000000000000000000000000000000000000000000000000000000
00000000000000000000000000000000000000000000000000000000000000000500000000020000000001030300000200040200000000030001020000000502
0000000000000000000000000000000000000000000000000000000000000000050300020a0604050905080007030309030b0405090104050907040605050700
00000000000000000000000000000000000000000000000000000000000000000501090004070100030407010002050201000601020000010304030105030508
00000000000000000000000000000000000000000000000000000000000000000000010400000005010003000301030305000200000601010002030000000102
00000000000000000000000000000000000000000000000000000000000000000000000000000000000000000000000000000000000000000000000000000000
00000000000000000000000000000000000000000000000000000000000000000300000002030000000003030401000304060400000200000000000100030001
00000000000000000000000000000000000000000000000000000000000000000005040401000003050001070006000205050203000000040102000500050300
00000000000000000000000000000000000000000000000000000000000000000200040000000101020000000201000100000303000100040001010003000402
00000000000000000000000000000000000000000000000000000000000000000000000004000000000000000000000000000000000000000000000000000000
00000000000000000000000000000000000000000000000000000000000000000000000000000000000000000500000000000000000000000000030000000002
0000000000000000000000000000000000000000000000000000000000000000070e14050a0a0d0e060909080d0e10030a050f0d0c050d070c0b0b090e0b0c04
00000000000000000000000000000000000000000000000000000000000000000002000000000000000000040300000000000000010003000001000000000000
00000000000000000000000000000000000000000000000000000000000000000000000000000000000000000000000000000000000000000000000000000000
00000000000000000000000000000000000000000000000000000000000000000100010000000000000000000002000000000000000000000000000001000000
00000000000000000000000000000000000000000000000000000000000000000000000000000000000000000000000000000000000000000000000000000000
00000000000000000000000000000000000000000000000000000000000000000000000000000000000000000000000006000000000000000000000000000001
00000000000000000000000000000000000000000000000000000000000000000200000000000000000000000000040000000001000000000000000000000000
00000000000000000000000000000000000000000000000000000000000000000305030004060401020502080004060507050200040c07070302040606000200
00000000000000000000000000000000000000000000000000000000000000000000000000000000000000000000000000000000000000000000000000000000
00000000000000000000000000000000000000000000000000000000000000000000000000000300000001000000040003000000050300020000000100000004
00000000000000000000000000000000000000000000000000000000000000000000000000000000000000010000000001000000000001000000000000000009
00000000000000000000000000000000000000000000000000000000000000000002000000000000000000000000000000000000000000000000000000000000
0000000000000000000000000000000000000000000000000000000000000000020005040006000100000500030a000503000000030000020009030c03000007
00000000000000000000000000000000000000000000000000000000000000000909080a0510070706090506040b060504040e0d04040a0207090808090a0702
00000000000000000000000000000000000000000000000000000000000000000100000000020403000206020000040101000202000300000401000101000001
00000000000000000000000000000000000000000000000000000000000000000000000000000000000000000000000000000000000000000000000000000000
000000000000000000000000000000000000000000000000000000000000000000070505000903020203060a030a000004000602000008020702050301020101
00000000000000000000000000000000000000000000000000000000000000000002000000000000000001000100000000000000000000000000000200000001
00000000000000000000000000000000000000000000000000000000000000000000000100000000000000040000000000000000000000000000000000000000
00000000000000000000000000000000000000000000000000000000000000000000000000000000000000000000000000000000000000000000000000000000
000000000000000000000000000000000000000000000000000000000000000003020504040303000105090d0708080707080902020106090a07040804060204
00000000000000000000000000000000000000000000000000000000000000000000000005000000000000020200000000000000000000000000000000000000
00000000000000000000000000000000000000000000000000000000000000000003000000000100000001010001000300000000000300000000000002000000
000000000000000000000000000000000000000000000000000000000000000006030506040006000509080908060405030701040a0905070404010804060203
00000000000000000000000000000000000000000000000000000000000000000000010401030505010301090800020402000701000402040203000300040306
00000000000000000000000000000000000000000000000000000000000000000002020000000102000401010007000602000004060000010000000306000000
00000000000000000000000000000000000000000000000000000000000000000000000000000000000000000000000000000000000000000000000000000000
00000000000000000000000000000000000000000000000000000000000000000000040000030000000000000402000006000401000000000005000000010001
00000000000000000000000000000000000000000000000000000000000000000005010203000302010207060305020600010205020500000100010007000100
00000000000000000000000000000000000000000000000000000000000000000000070001000005020402000400010002020000020500060000000002000000
00000000000000000000000000000000000000000000000000000000000000000000000000000000000000000000000002000000000000000000000000000001
00000000000000000000000000000000000000000000000000000000000000000000000000000000000000000001000000000000020000000000000000000000
00000000000000000000000000000000000000000000000000000000000000000b080b0c100b0711120a0c0e160f0b0809090d0d100c0d0e0e050b0b0b110409
00000000000000000000000000000000000000000000000000000000000000000102000000000100000300000000000000000003000001000007010000000001
00000000000000000000000000000000000000000000000000000000000000000000000000000000000000000000000000000000000000000000000000000000
00000000000000000000000000000000000000000000000000000000000000000000000000000003000000000000000001000000000000000000000000000002
00000000000000000000000000000000000000000000000000000000000000000000000000000000000000000000000000000000000000000000000000000000
00000000000000000000000000000000000000000000000000000000000000000000020000000000000100000000000001000000000000000001000000000000
0000000000000000000000000000000000000000000000000000000000000000000807040702010403020107030503070006050000020509070801040c0b0900
00000000000000000000000000000000000000000000000000000000000000000000000000000000000000000000000000000000000000000000000000000000
00000000000000000000000000000000000000000000000000000000000000000000000000010002010300000005000000000000000000000000000500010100
00000000000000000000000000000000000000000000000000000000000000000000000000000000000000000000000003000000000000000000030000000100
00000000000000000000000000000000000000000000000000000000000000000000000000000000000000000000000000050000000000000000000000000000
00000000000000000000000000000000000000000000000000000000000000000000020004010001040601030003000304000000000000020007000000010000
0000000000000000000000000000000000000000000000000000000000000000070c060a0a0b06080a0407070b0a0a09040a0808090a0d080a09040207050c06
00000000000000000000000000000000000000000000000000000000000000000000000800000003000300010300000202000300010104010105020000040107
00000000000000000000000000000000000000000000000000000000000000000000000000000000000000000000000000000000000000000000000000000000
00000000000000000000000000000000000000000000000000000000000000000000000000000000000000000000000000020000000000000000000000000000
00000000000000000000000000000000000000000000000000000000000000000000000107000001050000010201010200000800000000040601000503050300
00000000000000000000000000000000000000000000000000000000000000000001000002000100000000000000000000000000030003000000050000000000
00000000000000000000000000000000000000000000000000000000000000000000000000000000020000000000000000000000000000000000000000000000
00000000000000000000000000000000000000000000000000000000000000000000000000000000000000000000000000000000000000000000000000000000
000000000000000000000000000000000000000000000000000000000000000003060a0605070306010006040206040708090302050809030806030408050906
00000000000000000000000000000000000000000000000000000000000000000000000000000001000000000000000000000000000000000000010000000000
00000000000000000000000000000000000000000000000000000000000000000000030000010101000000000100000000010403070000000200050001000300
000000000000000000000000000000000000000000000000000000000000000008060a040c020b0507080206070208010601070b060607060609090804010203
00000000000000000000000000000000000000000000000000000000000000000004000004020600000700040803070005060002040300020302040002010000
00000000000000000000000000000000000000000000000000000000000000000303050005030005010300000100010302020103010004000803030004040502
00000000000000000000000000000000000000000000000000000000000000000000000000000000000000000000000000000000000000000000000000000000
00000000000000000000000000000000000000000000000000000000000000000504000000000400020402050000070001000304000904000208000200030504
00000000000000000000000000000000000000000000000000000000000000000705040700020100010300000409010103080300060205050507040002040408
00000000000000000000000000000000000000000000000000000000000000000003050105000004000600020000000000030400020000070100010100020003
00000000000000000000000000000000000000000000000000000000000000000000000000000000000000000000000000000000000000000000000000000000
00000000000000000000000000000000000000000000000000000000000000000006000200000000000000000000010000000400010000000803000000000000
0000000000000000000000000000000000000000000000000000000000000000080c0d0d110a090b040d0e0d090a0d100a0e070b09080d0c0f0d10070c070d0a
00000000000000000000000000000000000000000000000000000000000000000301000000000101010000000000000100000000000000000001000003000003
00000000000000000000000000000000000000000000000000000000000000000000000000000000000000000000000000000000000000000000000000000000
00000000000000000000000000000000000000000000000000000000000000000000000000000000010000000001000000000000000000000000000000000000
00000000000000000000000000000000000000000000000000000000000000000000000000000000000000000000000000000000000000000000000000000000
00000000000000000000000000000000000000000000000000000000000000000200000000010000000100000300000002000000000000000000000000000000
00000000000000000000000000000000000000000000000000000000000000000000000000040101010708080107020302050201080801020203030404000100
00000000000000000000000000000000000000000000000000000000000000000000000000000000000000000000000000000000000000000000000000000000
00000000000000000000000000000000000000000000000000000000000000000000000000060000000000000600000000000000020000000000000100030000
00000000000000000000000000000000000000000000000000000000000000000700000000000103000000000000000100000000000000000001000000040001
00000000000000000000000000000000000000000000000000000000000000000000000000000000000002000000000000000000000000000000000000000000
00000000000000000000000000000000000000000000000000000000000000000000050004000400000200020000040703000100000300030300000503000502
0000000000000000000000000000000000000000000000000000000000000000090b07040b0d050a0a0a0e0b0708030b070a0907080e0906090e080b06060807
00000000000000000000000000000000000000000000000000000000000000000000030203000100000001000400040001000004000700000000000100030000
00000000000000000000000000000000000000000000000000000000000000000000000000000000000000000000000000000000000000000000000000000000
00000000000000000000000000000000000000000000000000000000000000000000030301030001020003030001030300050201030105000200000501000000
00000000000000000000000000000000000000000000000000000000000000000100010100000000000000000000000000020000000000000000020000000000
00000000000000000000000000000000000000000000000000000000000000000000000000000000000000000000000000000000000000000000000000000000
00000000000000000000000000000000000000000000000000000000000000000806020604050c020208030305090703020306070a070a0a090a0703080a0a09
00000000000000000000000000000000000000000000000000000000000000000300000000000000000000000000000000000000000000000000050000000000
00000000000000000000000000000000000000000000000000000000000000000101000000020000000100000000060000030400000000060000030002050506
00000000000000000000000000000000000000000000000000000000000000000b0d020805060b0904020302000c0305040605090808050907000305000d0a07
00000000000000000000000000000000000000000000000000000000000000000003000507000700060200030405010304000504000405000005000302090101
000000000000000000000000000000000000000000000000000000000000000002020902040104050007020106010a0700000007010400010401010001000005
00000000000000000000000000000000000000000000000000000000000000000000000000000000000000010000000000000000000000000000000000000000
00000000000000000000000000000000000000000000000000000000000000000603000000020205000000030005040400060000040305030000010102000800
00000000000000000000000000000000000000000000000000000000000000000600050000070007020000000104070600050000000501040001040007030102
00000000000000000000000000000000000000000000000000000000000000000000000000010500000000070000000000000300000002000200030001000001
00000000000000000000000000000000000000000000000000000000000000000500000001000000000000000000000000000000000000000000000000000000
00000000000000000000000000000000000000000000000000000000000000000003010000000000000100000000000200000000000000000000000000000000
00000000000000000000000000000000000000000000000000000000000000000910080e0b08110b0b060e110f0c0f10090a0b090a0b0e0c0c0909090513040c
00000000000000000000000000000000000000000000000000000000000000000100000000000000040200000003000000060000000000040001000000000204
00000000000000000000000000000000000000000000000000000000000000000000000000000000000000000000000000000000000000000000000000000000
00000000000000000000000000000000000000000000000000000000000000000000000000020000000000000000000000000003000000000000000001000000
00000000000000000000000000000000000000000000000000000000000000000000000000000000000000000000000000000000000000000000000000000000
00000000000000000000000000000000000000000000000000000000000000000000000000000103000000000000000000000000010000000000000001000000
00000000000000000000000000000000000000000000000000000000000000000301080105010504000001020400040403050008070605070302040405040400
00000000000000000000000000000000000000000000000000000000000000000000000000000000000000000000000000000000000000000000000000000000
00000000000000000000000000000000000000000000000000000000000000000000000003000000000000030000000100000000000004000000000000000002
00000000000000000000000000000000000000000000000000000000000000000000000000000000000002000000000000000000000000000006000000000200
00000000000000000000000000000000000000000000000000000000000000000000000000000000000000000000000000000000000000000000000000000001
00000000000000000000000000000000000000000000000000000000000000000106040006010000000002020100020200020100020100010500000201000002
000000000000000000000000000000000000000000000000000000000000000009060a090e08080904020b08080a0b090c08040508080b07000d050708070807
00000000000000000000000000000000000000000000000000000000000000000403000300000001000002000304010003000009000204000104000000020300
00000000000000000000000000000000000000000000000000000000000000000100000000000000000000000000000000000000000000000000000000000000
00000000000000000000000000000000000000000000000000000000000000000000000000000000000000000000000000000000000000000000000000000000
00000000000000000000000000000000000000000000000000000000000000000300040409000001000104050000040401010300020905000101000001000000
00000000000000000000000000000000000000000000000000000000000000000000040002000000000500000000000000000000000100000004000000000001
00000000000000000000000000000000000000000000000000000000000000000000000000000000000000000000000000000000000000000000000000000000
00000000000000000000000000000000000000000000000000000000000000000000000000000000000000000000000000000000000000000000000000000000
00000000000000000000000000000000000000000000000000000000000000000000030b08030008070400020009000000000000010604010000010008000003
00000000000000000000000000000000000000000000000000000000000000000000000102000402000003000000000002000600040003000000000400000000
00000000000000000000000000000000000000000000000000000000000000000002000002070002000300000004000000020000000200000000010100010300
000000000000000000000000000000000000000000000000000000000000000004050c0406060a070603030705080a0307000805040700060002040b11080700
00000000000000000000000000000000000000000000000000000000000000000c00000207080004060001000106000003000000000001000008070105050304
000000000000000000000000000000000000000000000000000000000000000000010000000400000003000904040400010b0b02050600010601050000080002
00000000000000000000000000000000000000000000000000000000000000000000000000000000000000000000000000000000000000000000000000000000
00000000000000000000000000000000000000000000000000000000000000000701060901090200060400030a02030709060502070403050409000a08040303
00000000000000000000000000000000000000000000000000000000000000000000000003000005000000000000000200000000000000000000000000000600
00000000000000000000000000000000000000000000000000000000000000000c03110c0e080b0a0c0d08090c0d0f0c080d0e0b0a0708100f0c0f0d110c0d0c
00000000000000000000000000000000000000000000000000000000000000000000000000000000000000000000000000000000000000000000000000000000
00000000000000000000000000000000000000000000000000000000000000000d0d05160e1013150f0e0c0b05090c070c10071109090f0f0910080f160b0f0d
00000000000000000000000000000000000000000000000000000000000000000000000000000000000400000003000002000200030703000000000000000002
00000000000000000000000000000000000000000000000000000000000000000000000000000000000000000000000000000000000000010000000000000000
00000000000000000000000000000000000000000000000000000000000000000200000000010000000000000100000203030000000400000106000000000000
00000000000000000000000000000000000000000000000000000000000000000000000000000000000000000000000000000000000000000000000000000000
00000000000000000000000000000000000000000000000000000000000000000000010000040000000000000000000000000004000000000000000000000000
000000000000000000000000000000000000000000000000000000000000000006000d0f0608070c0b100307080f0a1007050406060c07020d0e0d03060f0c09
00000000000000000000000000000000000000000000000000000000000000000000000000000000000000000000000000000305000001000000000000000000
0000000000000000000000000000000000000000000000000000000000000000040100020000000000030008030200000000020300000000000000000102020c
00000000000000000000000000000000000000000000000000000000000000000000000000000000000000000000000004000000000000000000000000000003
00000000000000000000000000000000000000000000000000000000000000000003000300000000000200070002020000060103000400000100000001020000
0000000000000000000000000000000000000000000000000000000000000000050610060e08070602010908090b0d0a080108090807040d080a0d0a080d040d
00000000000000000000000000000000000000000000000000000000000000000a0a0805130c100d0d0408080a0c0b060d0a0b0b060a030a1106080b120c0a09
00000000000000000000000000000000000000000000000000000000000000000300020100010000040002040000000005000200030003000103030004000400
00000000000000000000000000000000000000000000000000000000000000000000000000000000000000000000000000000000000000000000000000000000
00000000000000000000000000000000000000000000000000000000000000000000010000000100000000000000000000000000000000030000000200000000
00000000000000000000000000000000000000000000000000000000000000000000000000000000000000000000000000000000000000000000000000000000
00000000000000000000000000000000000000000000000000000000000000000105000501000002050000010001010200000300000004030200000000000300
00000000000000000000000000000000000000000000000000000000000000000001000000000000000000050000000200000000010001030000000000000000
00000000000000000000000000000000000000000000000000000000000000000000000000000000000000000000000000000000000000000000000000000000
000000000000000000000000000000000000000000000000000000000000000009060005010001060702040b0502000100000100000302030101030006010200
00000000000000000000000000000000000000000000000000000000000000000000000001050001000007000302000000000300000000000000020602000001
00000000000000000000000000000000000000000000000000000000000000000006000400060200000203000400000000000000050000020000000300000000
00000000000000000000000000000000000000000000000000000000000000000a0b06060206060a1009080303050a0c03000504060a0509070600050c020800
00000000000000000000000000000000000000000000000000000000000000000707000500000602000000030302000105010001060403040100010302010000
00000000000000000000000000000000000000000000000000000000000000000004040103020100040000000307020103000703030305000001000103090004
00000000000000000000000000000000000000000000000000000000000000000000000000000000000000000000000002000100000000000000000000000000
0000000000000000000000000000000000000000000000000000000000000000090407080508000b0f0a0002040d050c020302000106050a0400060303060907
00000000000000000000000000000000000000000000000000000000000000000000000001000005000009000000000000000002000000000000020000000003
000000000000000000000000000000000000000000000000000000000000000007030d0e0f090b0e0c0f0f0f100f180c110b110f050d0809130a080c120c150a
00000000000000000000000000000000000000000000000000000000000000000000000000000000000000000000000000000000000000000000000000000000
00000000000000000000000000000000000000000000000000000000000000000a090e110d0b0f0e0c0c10080f110d0b0d0f0c110a0916080d0d100b0d0d0911
00000000000000000000000000000000000000000000000000000000000000000101000000000000000000020000000100010000000003000000000000000000
00000000000000000000000000000000000000000000000000000000000000000000000000000000000000000000000000000000000000000000000000000000
00000000000000000000000000000000000000000000000000000000000000000000000000000000000000000100000000010000000100010000000000000000
00000000000000000000000000000000000000000000000000000000000000000000000000000000000000000000000000000000000000000000000000000000
00000000000000000000000000000000000000000000000000000000000000000200000002000000000200000000000000000100000401000000050001000000
00000000000000000000000000000000000000000000000000000000000000000703060c0807040501070a07070a0309090b0d0607040b03070c0a050c070709
00000000000000000000000000000000000000000000000000000000000000000000000000000000000000010001000000000000000000000000000000000000
00000000000000000000000000000000000000000000000000000000000000000000000000030200010600030101000005000301010100000005010000000000
00000000000000000000000000000000000000000000000000000000000000000000000000000000000000030000000000000000000000000200000000000000
00000000000000000000000000000000000000000000000000000000000000000002000000020000000503000000000600000300000003000000000305000000
000000000000000000000000000000000000000000000000000000000000000008060b09090905070c050b0d0502050c03060b060b0c0a0f070a0f05030a080b
00000000000000000000000000000000000000000000000000000000000000000e0d06040b0e1108070811100b0f1010080f06090a090e0c070606130a070c10
00000000000000000000000000000000000000000000000000000000000000000508020700000003020000000309000000000006000000000202000100030005
00000000000000000000000000000000000000000000000000000000000000000000000000000002000000000000000000000000000000000000000000000000
00000000000000000000000000000000000000000000000000000000000000000200000000000000010000000000000000000000000000020000000100000000
00000000000000000000000000000000000000000000000000000000000000000000000000000000000000000000000000000000000000000000000000000000
00000000000000000000000000000000000000000000000000000000000000000104000201000000000001000000000106000000000000000100000003000004
00000000000000000000000000000000000000000000000000000000000000000000000000000000000000000000000000000000040000000001000100000002
00000000000000000000000000000000000000000000000000000000000000000000000000000000000000000000000000000000000000000000000000000000
00000000000000000000000000000000000000000000000000000000000000000602010008000302010207060003000102040501000404000004070400000203
00000000000000000000000000000000000000000000000000000000000000000000000000000000000000020000010000040100000000010301070000010007
000000000000000000000000000000000000000000000000000000000000000000070000010103000205000000040901050000000102040a0002000002020100
00000000000000000000000000000000000000000000000000000000000000000903040c030203060a000802020f0f04060b000303040709010b0a0005000a01
00000000000000000000000000000000000000000000000000000000000000000304050502060000000100000009010100000100000409070002000402000102
000000000000000000000000000000000000000000000000000000000000000000030307000007000607060f0802010700030104010001000002010606000100
00000000000000000000000000000000000000000000000000000000000000000000000000000000000000000300000000000300000000000000000000000000
00000000000000000000000000000000000000000000000000000000000000000e000405090a0008060802060d070a060907040b01030a0805000302040d0004
00000000000000000000000000000000000000000000000000000000000000000002000402000100000300010004000000000000000705010000000000040004
00000000000000000000000000000000000000000000000000000000000000000610080f0a120e0f0b0e0b0a0e0a0b090c0b0d0f04070b0e12050e0d0d0c0e0f
00000000000000000000000000000000000000000000000000000000000000000000000000000000000000000000000000000000000000000000000000000000
00000000000000000000000000000000000000000000000000000000000000000a0f110e150a170b13090c10090e0b0f0f0b150a080e0810100c13110f080709
00000000000000000000000000000000000000000000000000000000000000000001020000000000000000050004000100000009000005000000000000000001
00000000000000000000000000000000000000000000000000000000000000000000000000000000000000000000000000000000000000000000000000000000
00000000000000000000000000000000000000000000000000000000000000000002090000000002000000000200000000010000050000000000000100000000
00000000000000000000000000000000000000000000000000000000000000000000000000000000000000000000000000000000000000000000000000000000
00000000000000000000000000000000000000000000000000000000000000000000000000000000060005000000000000020000000400020001000000000000
0000000000000000000000000000000000000000000000000000000000000000080509090a01030a0b09060409070a0a010d08000c03010000050a0406050a12
00000000000000000000000000000000000000000000000000000000000000000000000000000000000000000000000000000000000000000000000000000000
00000000000000000000000000000000000000000000000000000000000000000100000000000000030205000600000500000301020000000001000501000002
00000000000000000000000000000000000000000000000000000000000000000000000000000000000100000000000000010000000000000000000400000000
00000000000000000000000000000000000000000000000000000000000000000000000000000000000003010000000300050000000000000000000000000102
0000000000000000000000000000000000000000000000000000000000000000080b0a090c0809060708050606010a0f090306030c0c040a05050a05040a0602
0000000000000000000000000000000000000000000000000000000000000000060e0509040c060811080b0c0e090c0808020e0910090c03030a0e0906090811
00000000000000000000000000000000000000000000000000000000000000000000000000010008010305000004020000050003000000000700050102030000
00000000000000000000000000000000000000000000000000000000000000000000000000000000000000000000000000000000000000000000000000000000
00000000000000000000000000000000000000000000000000000000000000000000000000000600060000000100000000000100000000000000000200000000
00000000000000000000000000000000000000000000000000000000000000000000000000000000010000000000000000000000000100000000000000000000
00000000000000000000000000000000000000000000000000000000000000000000000000000000000000000000000000000000000000000000000000000000
0000000000000000000000000000000000000000000000000000000000000000060003000000000000030605040b010707060001000103030002010800000302
00000000000000000000000000000000000000000000000000000000000000000500000000000000000100000000020000000000000001000100000702000000
00000000000000000000000000000000000000000000000000000000000000000001000000000202020700060000020000010000000000000400010300010000
000000000000000000000000000000000000000000000000000000000000000009040c020608040b050709070208030b02080700070105010107060300030904
00000000000000000000000000000000000000000000000000000000000000000000000000020000000306040506050704000000000200080206020a00000000
00000000000000000000000000000000000000000000000000000000000000000105030500090304000204010205080106070303020502000a00030103030002
00000000000000000000000000000000000000000000000000000000000000000000000000000000000000000000000000000000000000000000000000000000
0000000000000000000000000000000000000000000000000000000000000000030507000503030007060b05090b010303020d00000008020a00060207090801
00000000000000000000000000000000000000000000000000000000000000000000000000000000020000000000010300000002000000000100030000000006
000000000000000000000000000000000000000000000000000000000000000013100d0c0913130b0e10090b100b100c060d1714050e09090e0d060f0f0f090f
00000000000000000000000000000000000000000000000000000000000000000000000000000000000000000000000000000000000000000000000000000000
00000000000000000000000000000000000000000000000000000000000000000200000000000000000100000000000000000000000000000000000001000000
0000000000000000000000000000000000000000000000000000000000000000121106130c110d090a0f1015080a0d0e0f0e0f08070b0e0e0b121315100f0c10
00000000000000000000000000000000000000000000000000000000000000000000000300000200000000000200000001000002000002000000040000000004
00000000000000000000000000000000000000000000000000000000000000000000000000000000000000000000000000000000000000000000000000000000
00000000000000000000000000000000000000000000000000000000000000000000000000000300000000000000030000000000000301000100000006000000
00000000000000000000000000000000000000000000000000000000000000000000000000000000000000000000000000000000000000000000000000000000
00000000000000000000000000000000000000000000000000000000000000000100050000060007000000000000000001000000000200000004000000000502
00000000000000000000000000000000000000000000000000000000000000000b0b1110051209060b05040d09080a060d080a0b070a0808040a1005030b0b10
00000000000000000000000000000000000000000000000000000000000000000000000000000000000000000000000000000000000000000000000000000000
00000000000000000000000000000000000000000000000000000000000000000003000000020000000300010000060000000001030000000300000003000000
00000000000000000000000000000000000000000000000000000000000000000000000000000000000000000000000000000000000000000000000000000000
00000000000000000000000000000000000000000000000000000000000000000000000700020202000000000000000001000002000000000000000000020000
000000000000000000000000000000000000000000000000000000000000000001040d040c09050405060908050507060907060d08070709010a040b0b03000c
000000000000000000000000000000000000000000000000000000000000000008070e0c0c0d080b0a010d0b0a030a0d0d100607040c080d0a0e090d080c0a11
00000000000000000000000000000000000000000000000000000000000000000400000406000003010008000200000000000700000007000000000000000303
00000000000000000000000000000000000000000000000000000000000000000000000000000000000000000000000000000000000000000000000000000000
00000000000000000000000000000000000000000000000000000000000000000000000000000100000000000002000000000000000000000000000000000000
00000000000000000000000000000000000000000000000000000000000000000000000000000000000000000000000000000000000000000000000000000000
00000000000000000000000000000000000000000000000000000000000000000904000803000000000500000000000600050000000300010300010000000000
00000000000000000000000000000000000000000000000000000000000000000000000000000000000000000000000000000000000000000000020000000001
00000000000000000000000000000000000000000000000000000000000000000000000000000000000000000000000000000000000000000000000000000000
00000000000000000000000000000000000000000000000000000000000000000200020100050000000006010000010003010304070001000301010008000401
00000000000000000000000000000000000000000000000000000000000000000000000200000700000000000000010001010000010200000000000200000000
0000000000000000000000000000000000000000000000000000000000000000000200000100000100000000020200040000000304000105000000040001000a
0000000000000000000000000000000000000000000000000000000000000000030a0b010508090900000a060408080507070906030a04010b00090c0c080a00
00000000000000000000000000000000000000000000000000000000000000000100000000010300000403050104050000070002000000000e00040300010009
00000000000000000000000000000000000000000000000000000000000000000701040009020206080403040502050502010400060001060003000600080101
00000000000000000000000000000000000000000000000000000000000000000000000000010000000000000000000000000000000000000000020000000000
0000000000000000000000000000000000000000000000000000000000000000040600020908070b020b06050303030d08040a0607080806030009090e0b0802
00000000000000000000000000000000000000000000000000000000000000000000030000000000000000030000000000000000010000000000000000000000
00000000000000000000000000000000000000000000000000000000000000000e110e0907090f0d0c09110e110c0c0a0a120a0b0d0b0e0b0d0c080e050d050b
00000000000000000000000000000000000000000000000000000000000000000000000000000000000000000000000000000000000000000000000000000000
00000000000000000000000000000000000000000000000000000000000000000000000000000000000000000000010000000000000000000000000000000000
00000000000000000000000000000000000000000000000000000000000000000f090b11090f140e08070c12150d080e0a0e090b050d080e0d0a0d0b12081207
00000000000000000000000000000000000000000000000000000000000000000000020002000002000100000000040000000000000000040000000000030000
00000000000000000000000000000000000000000000000000000000000000000000000000000000000000000000000000000000000000000000000000000000
00000000000000000000000000000000000000000000000000000000000000000000000000000000020500000000000200000000010200020005000005000000
00000000000000000000000000000000000000000000000000000000000000000000000000000000000000000000000000000000000000000000000000000000
00000000000000000000000000000000000000000000000000000000000000000000000000000000000400000000000000010000000800000000000000000200
00000000000000000000000000000000000000000000000000000000000000000d04020603090f0a0c070a09050509040b0708040c080c060b0e02050b060c06
00000000000000000000000000000000000000000000000000000000000000000000000000000003000000000000000001000600000000000000000000000000
00000000000000000000000000000000000000000000000000000000000000000007080005000100040000090000000000020002000001000000030000000407
00000000000000000000000000000000000000000000000000000000000000000000000000000000000000000000000000000000000000000000010000000000
00000000000000000000000000000000000000000000000000000000000000000000000000000000070005000000000000000400000100000000000000000100
000000000000000000000000000000000000000000000000000000000000000006020f0c0b0b020802050e01000606040c090a09000207070709090406070108
00000000000000000000000000000000000000000000000000000000000000000a0c060a0a0d0c0e070a0a080c090e080d0905090c0a0c090f0e08070a0e0c08
00000000000000000000000000000000000000000000000000000000000000000100000900060000000503000006000100030404000200000004000600020601
00000000000000000000000000000000000000000000000000000000000000000000000000000000000000000000000000000000000000000000000000000000
00000000000000000000000000000000000000000000000000000000000000000000000000000200000000000000000000000301000000000000040000000000
00000000000000000000000000000000000000000000000000000000000000000000000000000000000000000000000000000000000000000000000000000000
00000000000000000000000000000000000000000000000000000000000000000002040006000501090007050100000009000000030003000103020300060400
00000000000000000000000000000000000000000000000000000000000000000200000000000000000000000000000000000000050000000000000000000000
00000000000000000000000000000000000000000000000000000000000000000000000000000000000000000000000000000000000000000000000000000000
0000000000000000000000000000000000000000000000000000000000000000040001000907030206000000000303020a0602010a0b06010401030103010107
000000000000000000000000000000000000000000000000000000000000000004000a0001000302000003000003000000000402030000000201000000000002
00000000000000000000000000000000000000000000000000000000000000000000000200000004000200010304000000040105000000000000040100000900
0000000000000000000000000000000000000000000000000000000000000000060c00060c0a0b0b06080b09070b07000308050a040709000e0b050104040409
00000000000000000000000000000000000000000000000000000000000000000000040100000200070300000000020007000000000801060902000000000000
00000000000000000000000000000000000000000000000000000000000000000200030800050000000305060301020302070304070407000004000601010003
00000000000000000000000000000000000000000000000000000000000000000000000000000000000000000000000000000000000000000000000000000000
00000000000000000000000000000000000000000000000000000000000000000709030509090604030a07000400070d05090603070c070e0903040207020803
00000000000000000000000000000000000000000000000000000000000000000000020000000200000000000200000000000300000000000000000400000400
00000000000000000000000000000000000000000000000000000000000000000f0a140a0b080f0c0607110e0e0d060e09160c080804051210090f0b0f09060b
00000000000000000000000000000000000000000000000000000000000000000000000000000000000000000000000000000000000000000000000000000000
00000000000000000000000000000000000000000000000000000000000000000b0c180c0a0c0f0e0f0a0b0d050f0a0e150e12090b0b08110f0e0e0b0a0b0910
0000000000000000000000000000000000000000000000000000000000000000000000000402030000000e010000020000000000000500000200070000000300
00000000000000000000000000000000000000000000000000000000000000000000000000000000000000000000000000000000000000000000000000000000
00000000000000000000000000000000000000000000000000000000000000000000000300000000000000000100000200000000000000010000000000000000
00000000000000000000000000000000000000000000000000000000000000000000000000000000000000000000000000000000000000000000000000000000
00000000000000000000000000000000000000000000000000000000000000000000000000000000010000050000000000030000000000000000000000030002
000000000000000000000000000000000000000000000000000000000000000008060d0c09090e0b0707050405090c0b090a040c110c0709090702030d0c0b06
00000000000000000000000000000000000000000000000000000000000000000000000000000000000000000000000000000000000000000000000000000002
00000000000000000000000000000000000000000000000000000000000000000000040700020000000000000000050103000100000006000008010002040000
00000000000000000000000000000000000000000000000000000000000000000000000000000000000000000000000000000000000000000000000000000000
00000000000000000000000000000000000000000000000000000000000000000000010000000000000104020001000000000000040007000100030002040000
0000000000000000000000000000000000000000000000000000000000000000000a0407020904080b0c07020704080804000515030405020b06080c0b090609
0000000000000000000000000000000000000000000000000000000000000000080e0907080d0e040d140a060d060c070b08080c060b0a08090b0c060b0e0a0a
00000000000000000000000000000000000000000000000000000000000000000702070002030003020000000000030500040100000200060003000000030000
00000000000000000000000000000000000000000000000000000000000000000000000000000000000000000000000000000000000000000000000000000000
00000000000000000000000000000000000000000000000000000000000000000000000000000000000000000000000000000000010000000000000000000000
00000000000000000000000000000000000000000000000000000000000000000000000000000000000000000000000000000000000000000000000000000000
0000000000000000000000000000000000000000000000000000000000000000000000000000000000000000000004020a000000050606000200030000020000
00000000000000000000000000000000000000000000000000000000000000000000000200000000000200040200000000000000000000000000000000000100
00000000000000000000000000000000000000000000000000000000000000000000000000000000000000000000000000000000000000000000000000000000
000000000000000000000000000000000000000000000000000000000000000005010500050105000001000001040b0203030400000202010602000400040002
00000000000000000000000000000000000000000000000000000000000000000200000000000002000102000002000003000005000004090200000000040000
00000000000000000000000000000000000000000000000000000000000000000100000000000000090102030003000000000000000100000000000000000007
00000000000000000000000000000000000000000000000000000000000000000404000809080a07090305070c050400070b0a01050005040208090900070705
00000000000000000000000000000000000000000000000000000000000000000000000207020504010002000000020003000204010000000000040000000403
000000000000000000000000000000000000000000000000000000000000000005000004070000030208000c000500030006060007050000050403070a00040e
00000000000000000000000000000000000000000000000000000000000000000000000000000000000001000000000000000000000000000000000000000000
000000000000000000000000000000000000000000000000000000000000000009000b090101000b0a00070708030408020d03020b03050b0700060602040505
00000000000000000000000000000000000000000000000000000000000000000000030500000000000000000002000000020000000000010000000002000000
000000000000000000000000000000000000000000000000000000000000000006100f0f120e0a0f0a090c0907100a0f0f0f0a080c120d0d110a090e0d0a0f08
00000000000000000000000000000000000000000000000000000000000000000000000000000000000000000000000000000000000000000000000000000000
00000000000000000000000000000000000000000000000000000000000000000d0d090614110f0c100b1009130a1410110b130c10130512100d0b14100b1507
00000000000000000000000000000000000000000000000000000000000000000000000000000000060400000002000000030004050000060003000600000303
00000000000000000000000000000000000000000000000000000000000000000000000000000000000000000000000000000000000000000000000000000000
00000000000000000000000000000000000000000000000000000000000000000000000000000000000000000000000000030001000000000000000000070000
00000000000000000000000000000000000000000000000000000000000000000000000000000000000000000000000000000000000000000000000000000000
00000000000000000000000000000000000000000000000000000000000000000006000000000504000000000000010000000300010000000005000000000005
0000000000000000000000000000000000000000000000000000000000000000100709050d0808010606000908080a0810060808040a0e0d090d080f0b090902
00000000000000000000000000000000000000000000000000000000000000000000000000000000000000000000000000000000020000000000000000010000
00000000000000000000000000000000000000000000000000000000000000000001000002020000030003000005000001000000000003030303000000000003
00000000000000000000000000000000000000000000000000000000000000000000000000000000000000000000000000000000000000000000000000000000
00000000000000000000000000000000000000000000000000000000000000000000000505000000000500000403000000040000000002000303000900000003
000000000000000000000000000000000000000000000000000000000000000004020b0c090803090406060908040b0109070505080510020b0302010d050802
00000000000000000000000000000000000000000000000000000000000000000e090d0f0c10080a0803100a0a110a0e0b0e0c0c051206110c07090b0b0d0d08
0000000000000000000000000000000000000000000000000000000000000000000500000000030602000c000300070004040200070100060000030100010700
00000000000000000000000000000000000000000000000000000000000000000000000000000000000000000000000000000000000000000000000000000000
00000000000000000000000000000000000000000000000000000000000000000000000000000000000000000000000000000000000002000000000000000000
00000000000000000000000000000000000000000000000000000000000000000000000000000000000000000000000000000000000000000000000000000000
00000000000000000000000000000000000000000000000000000000000000000200000000000000000000000002000300000000000100040000000500000001
00000000000000000000000000000000000000000000000000000000000000000000000000000000000002000000000000000100000000000003000000000000
00000000000000000000000000000000000000000000000000000000000000000000000000000000000000000000000000000000000000000000000000000000
000000000000000000000000000000000000000000000000000000000000000002000001080a080702050600080500050c020c07030505070000090001000002
00000000000000000000000000000000000000000000000000000000000000000703050001040003030000000203040003000000030000000000000000000002
00000000000000000000000000000000000000000000000000000000000000000008060003000000000700010002000400040000020000030003000100000000
0000000000000000000000000000000000000000000000000000000000000000070c0b09010c01090a060007070803090404070608060604080a090503060303
00000000000000000000000000000000000000000000000000000000000000000007020002000201000100000500000705010009040102000002010b02000003
0000000000000000000000000000000000000000000000000000000000000000000009060300070300080a040000000304070000060004070006020301040804
00000000000000000000000000000000000000000000000000000000000000000000000000000000000000000000000000000000000000000000000000000000
00000000000000000000000000000000000000000000000000000000000000000501030805070a08070306060c0505030906000f090209050906000907000406
00000000000000000000000000000000000000000000000000000000000000000000010001000000000000010003010000000200040000000003000001000004
00000000000000000000000000000000000000000000000000000000000000000f0a1013060f0a0b0e1214070a080e08090906090a0a080b090a0b040b0f080d
00000000000000000000000000000000000000000000000000000000000000000000000000000000000000000000000000000000000000000000000000000000
00000000000000000000000000000000000000000000000000000000000000000000010000000000000000000000000000000000000000000000000001000000
00000000000000000000000000000000000000000000000000000000000000000c0e171210100a0c0f150f1107120e0b110b08120e110a0f0f110e0d0b120c07
00000000000000000000000000000000000000000000000000000000000000000000020000000002040900000000000100010000000600000000000000000000
00000000000000000000000000000000000000000000000000000000000000000000000000000000000000000000000000000000000000000000000000000000
00000000000000000000000000000000000000000000000000000000000000000001000000000100000000000000000000000000000002000000000200000000
00000000000000000000000000000000000000000000000000000000000000000000000000000000000000000000000000000000000000000000000000000000
00000000000000000000000000000000000000000000000000000000000000000000000000010000000300000000000001000000020000000000000000000000
00000000000000000000000000000000000000000000000000000000000000000809060d0c08070a0c0909040a0d040904070c080a070c0704060a0106040d08
00000000000000000000000000000000000000000000000000000000000000000000000000000000000003000000000000000200000000000000000000000000
00000000000000000000000000000000000000000000000000000000000000000006000000000002000000030200070004010000000005000000000100000000
00000000000000000000000000000000000000000000000000000000000000000000000000000000000000000000000000000000000000000000030000000000
00000000000000000000000000000000000000000000000000000000000000000000000000000000000200000000010000000100000400000000080000020003
0000000000000000000000000000000000000000000000000000000000000000000f0008030a0b00050c0209060e0b0b0b0005030a06060e0c090d090800080d
0000000000000000000000000000000000000000000000000000000000000000070b09070e080d04090902090e0b0f0d030a090b0b0a080f090c0b060707060e
00000000000000000000000000000000000000000000000000000000000000000300050000020402040009040000000001000309000007000600050100000500
00000000000000000000000000000000000000000000000000000000000000000100000000000000000000000000000000000000000000000000000000000000
00000000000000000000000000000000000000000000000000000000000000000000010000000000000000000000000000000000000000000000000000000000
00000000000000000000000000000000000000000000000000000000000000000000000000000000000000000000000000000000000000000000000000000000
000000000000000000000000000000000000000000000000000000000000000000000000000001000000000000000a0100020400000400040202000400020000
00000000000000000000000000000000000000000000000000000000000000000000000001000000000000000000000000000000000300000000030500000002
00000000000000000000000000000000000000000000000000000000000000000000000000000000000000000000000000000000000000000000000000000000
