217 148 158 229 162 215 126 101 143 016 153 033 192 223 213 160 092 095 022 023 192 103 156 239 145 077 037 226 127 218 205 149 182 021 030 146 077 224 129 085 005 140 100 051 233 234 167 246 117 128 141 174 127 248 068 095 097 210 060 164 139 190 126 107 
047 177 068 148 249 055 052 127 143 182 120 039 136 066 252 055 078 141 000 143 168 129 135 066 073 167 254 230 015 246 010 018 124 051 117 165 011 198 161 186 056 051 184 238 020 120 212 152 154 158 128 035 115 203 148 076 218 054 175 194 216 223 190 006 
199 187 042 159 128 246 106 068 140 215 223 015 041 051 255 055 098 138 207 127 247 154 055 112 057 130 207 040 014 148 131 215 163 156 231 254 237 220 024 244 172 198 053 173 128 105 182 136 188 109 040 186 119 217 171 099 044 118 147 070 114 094 030 243 
090 251 126 080 011 084 135 059 124 124 080 025 163 148 187 166 049 114 250 148 044 141 024 249 220 224 110 056 045 176 219 099 061 071 193 126 126 062 023 131 119 146 190 247 089 104 229 207 097 138 169 119 071 005 182 199 000 018 163 202 079 195 121 046 
082 153 078 115 184 029 127 078 046 006 029 242 172 058 137 025 047 157 255 063 184 195 106 052 216 046 099 098 142 193 082 047 087 087 009 132 027 055 157 017 222 144 099 207 052 244 009 075 188 118 167 217 174 247 225 179 012 215 210 003 070 242 133 149 
108 050 111 224 079 242 242 121 237 213 145 244 113 104 241 200 139 032 208 129 062 221 219 184 106 091 168 077 202 063 254 213 215 252 007 038 191 222 186 205 023 070 192 159 191 063 071 115 184 152 205 154 160 105 097 226 189 057 216 006 240 141 193 137 
068 000 146 142 057 207 105 176 229 194 220 014 093 192 115 030 125 062 002 225 037 180 116 247 202 023 254 066 091 120 216 151 189 153 094 215 251 254 228 195 002 221 212 093 015 158 123 211 112 183 074 006 093 186 131 165 225 232 160 220 104 197 123 048 
162 152 230 163 030 154 017 246 053 131 188 065 161 106 235 093 240 103 016 165 243 175 179 102 130 246 004 042 108 148 178 165 222 178 154 124 101 113 186 016 165 036 254 043 108 137 217 021 005 023 086 209 195 010 057 143 143 232 182 092 246 161 170 058 
007 211 133 131 124 224 058 159 224 214 104 091 025 059 109 032 061 158 244 024 006 144 108 098 063 133 044 140 087 008 102 145 191 121 065 017 124 235 221 092 063 071 209 108 090 102 111 213 210 112 183 024 133 165 078 051 061 195 075 164 012 243 255 025 
252 100 018 044 227 222 186 158 131 185 038 120 078 070 171 055 145 197 205 026 075 086 002 119 186 058 232 039 178 048 152 119 232 039 131 215 051 222 054 199 031 217 199 009 086 217 167 228 188 233 086 237 167 011 122 068 190 138 210 119 112 118 021 021 
254 052 125 160 204 066 133 009 022 181 144 162 217 047 156 106 163 059 232 058 105 047 158 246 085 091 255 224 172 139 199 172 149 154 018 166 074 001 235 238 202 083 102 064 223 058 127 042 057 021 115 001 169 057 020 174 088 001 154 076 251 218 127 065 
001 181 082 062 046 121 075 146 044 186 011 026 004 173 033 229 096 000 065 216 040 141 018 248 003 050 149 241 021 239 145 020 033 013 208 242 095 197 043 076 097 021 006 179 012 161 239 126 076 255 242 222 219 169 182 173 136 024 199 114 131 003 219 165 
127 174 136 174 015 113 252 059 116 039 181 188 227 059 227 140 011 178 206 082 204 169 228 038 055 175 167 118 141 054 225 196 049 253 166 074 100 073 238 138 034 246 225 227 046 184 252 138 012 032 226 075 241 050 181 076 188 162 171 085 142 249 228 045 
112 217 217 209 061 150 129 123 072 157 226 122 027 252 012 134 155 061 054 216 058 071 172 179 122 249 138 202 185 240 010 035 154 049 191 226 025 132 093 216 162 119 145 028 024 136 168 029 054 085 154 144 022 091 254 179 146 166 158 129 138 165 092 088 
133 075 225 023 165 158 059 143 218 046 162 025 077 062 098 027 251 015 182 106 024 151 127 230 161 122 078 028 163 193 138 006 018 016 009 040 027 166 240 029 243 084 197 177 048 127 192 109 161 091 240 194 159 089 165 226 169 075 046 154 216 125 046 208 
132 172 217 181 052 249 081 106 118 166 025 101 082 090 057 049 190 075 009 212 175 041 143 168 119 042 223 026 185 218 193 074 125 122 100 124 015 091 209 130 004 130 169 145 213 111 089 072 112 056 184 213 056 031 066 173 101 051 110 188 144 216 200 250 
