    x	    x	    x	xxxxxxxxxxxxxxxxxxxxxxxxxxxxxxxxxxxxxxxxxxxxxxxxxxxxxxxxxxxxxxxxxxxxxxxxxxxxxxxxxxxxxxxxxxxxxxxxxxxxxxxxxxxxxxxxxxxxxxxxxxxxxxxxxxxxxxxxxxxxxxxxxxxxxxxxxxxxxxxxxxxxxxxxxxxxxxxxxxxxxxxxxxxxxxxxxxxxxxxxxxxxxxxxxxxxxxxxxxxxxxxxxxxxxxxxxxxxxxxxxxxxxxxxxxxxxxxxxxxxxxxxxxxxxxxxxxxxxxxxxxxxxxxxxxxxxxxxxxxxxxxxxxxxxxxxxxxxxxxxxxxxxxxxxxxxxxxxxxxxxxxxxxxxxxxxxxxxxxxxxxxxxxxxxxxxxxxxxxxxxxxx
    0	    0	    0	000000000000000000000000000000000000000000000000000000000000000000000000000000000000000000000000000000000000000000000000000000000000000000000000000000000000000000000000000000000000000000000000000000000000000000000000000000000000000000000000000000000000000000000000000000000000000000000000000000000000000000000000000000000000000000000000000000000000000000000000000000000000000000000000
    1	    1	    1	000000000000000000000000000000000000000000000000000000000000000000000000000000000000000000000000000000000000000000000000000000000000000000000000000000000000000000000000000000000000000000000000000000000000000000000000000000000000000000000000000000000000000000000000000000000000000000000000000000000000000000000000000000000000000000000000000000000000000000000000000000000000000000000000
    1	    1	    1	0032600042b6004ac3003e26002b58003bf7003e850050fe003a930034870028260029270032d7003ffb004116002dd30039dc00399c003a49003c0e003c660043c1002bba0036a100361b003af1003705003afb003d520039f60036600072f10032600042b6004ac3003e26002b58003bf7003e850050fe003a930034870028260029270032d7003ffb004116002dd30039dc00399c003a49003c0e003c660043c1002bba0036a100361b003af1003705003afb003d520039f60036600072f1
    1	    1	    1	000000000000000000000000000000000000000000000000000000000000000000000000000000000000000000000000000000000000000000000000000000000000000000000000000000000000000000000000000000000000000000000000000000000000000000000000000000000000000000000000000000000000000000000000000000000000000000000000000000000000000000000000000000000000000000000000000000000000000000000000000000000000000000000000
    1	    1	   33	000000000000000000000000000000000000000000000000000000000000000000000000000000000000000000000000000000000000000000000000000000000000000000000000000000000000000000000000000000000000000000000000000000000000000000000000000000000000000000000000000000000000000000000000000000000000000000000000000000000000000000000000000000000000000000000000000000000000000000000000000000000000000000000000
    1	    1	   33	004c65004fb5003bd8002b69002b1b00403b0040a40047670050b4003f480036c70040e9003da20034ee00442e00441a003f39002f110030c90039cc0044e0004d380048a1003b1e002cfc003ee600464f003f900031c00033ae00362d003c9f004c65004fb5003bd8002b69002b1b00403b0040a40047670050b4003f480036c70040e9003da20034ee00442e00441a003f39002f110030c90039cc0044e0004d380048a1003b1e002cfc003ee600464f003f900031c00033ae00362d003c9f
    1	    1	   33	000000000000000000000000000000000000000000000000000000000000000000000000000000000000000000000000000000000000000000000000000000000000000000000000000000000000000000000000000000000000000000000000000000000000000000000000000000000000000000000000000000000000000000000000000000000000000000000000000000000000000000000000000000000000000000000000000000000000000000000000000000000000000000000000
    1	    4	    1	000000000000000000000000000000000000000000000000000000000000000000000000000000000000000000000000000000000000000000000000000000000000000000000000000000000000000000000000000000000000000000000000000000000000000000000000000000000000000000000000000000000000000000000000000000000000000000000000000000000000000000000000000000000000000000000000000000000000000000000000000000000000000000000000
    1	    4	    1	002d1b003e39003dad003d6000411b003a31003396003242003709003511005057004d050047ce003b3e003199003bae0033210028420032180039f9003660003c5c0035da002eee0039840048e3004176002aec003c8f003e5100406bff8155002d1b003e39003dad003d6000411b003a31003396003242003709003511005057004d050047ce003b3e003199003bae0033210028420032180039f9003660003c5c0035da002eee0039840048e3004176002aec003c8f003e5100406bff8155
    1	    4	    1	000000000000000000000000000000000000000000000000000000000000000000000000000000000000000000000000000000000000000000000000000000000000000000000000000000000000000000000000000000000000000000000000000000000000000000000000000000000000000000000000000000000000000000000000000000000000000000000000000000000000000000000000000000000000000000000000000000000000000000000000000000000000000000000000
    1	    4	   33	000000000000000000000000000000000000000000000000000000000000000000000000000000000000000000000000000000000000000000000000000000000000000000000000000000000000000000000000000000000000000000000000000000000000000000000000000000000000000000000000000000000000000000000000000000000000000000000000000000000000000000000000000000000000000000000000000000000000000000000000000000000000000000000000
    1	    4	   33	004f310044c300418d003f2100434f003ea20032800039a4003c3c00348400403a0035ad00349a0040b400416400388e00406c003f90002569003702004700004f280041fd0032a10036400027df002d1900419b0043ab00370c003e1e00275f004f310044c300418d003f2100434f003ea20032800039a4003c3c00348400403a0035ad00349a0040b400416400388e00406c003f90002569003702004700004f280041fd0032a10036400027df002d1900419b0043ab00370c003e1e00275f
    1	    4	   33	000000000000000000000000000000000000000000000000000000000000000000000000000000000000000000000000000000000000000000000000000000000000000000000000000000000000000000000000000000000000000000000000000000000000000000000000000000000000000000000000000000000000000000000000000000000000000000000000000000000000000000000000000000000000000000000000000000000000000000000000000000000000000000000000
    1	    7	    1	000000000000000000000000000000000000000000000000000000000000000000000000000000000000000000000000000000000000000000000000000000000000000000000000000000000000000000000000000000000000000000000000000000000000000000000000000000000000000000000000000000000000000000000000000000000000000000000000000000000000000000000000000000000000000000000000000000000000000000000000000000000000000000000000
    1	    7	    1	00328b002b6e003729003b11001fce00357f00320300451f003b75003b8600372500452e004960004a7b005716004541002ffe002f900040a70039e9003db50039a3003b520036ef00325a00346200456c0039d0003bd00038a10026c600795300328b002b6e003729003b11001fce00357f00320300451f003b75003b8600372500452e004960004a7b005716004541002ffe002f900040a70039e9003db50039a3003b520036ef00325a00346200456c0039d0003bd00038a10026c6007953
    1	    7	    1	000000000000000000000000000000000000000000000000000000000000000000000000000000000000000000000000000000000000000000000000000000000000000000000000000000000000000000000000000000000000000000000000000000000000000000000000000000000000000000000000000000000000000000000000000000000000000000000000000000000000000000000000000000000000000000000000000000000000000000000000000000000000000000000000
    1	    7	   33	000000000000000000000000000000000000000000000000000000000000000000000000000000000000000000000000000000000000000000000000000000000000000000000000000000000000000000000000000000000000000000000000000000000000000000000000000000000000000000000000000000000000000000000000000000000000000000000000000000000000000000000000000000000000000000000000000000000000000000000000000000000000000000000000
    1	    7	   33	00399c00362e00395400353c00373a00396400390e0044f400374c0039580038f6003aae0036c6003c5600423e003d970030a5003a4a00420b0040400039ca003f790041f100458e003fd3002c3d0033b3003dae0030cf002938003103003a8500399c00362e00395400353c00373a00396400390e0044f400374c0039580038f6003aae0036c6003c5600423e003d970030a5003a4a00420b0040400039ca003f790041f100458e003fd3002c3d0033b3003dae0030cf002938003103003a85
    1	    7	   33	000000000000000000000000000000000000000000000000000000000000000000000000000000000000000000000000000000000000000000000000000000000000000000000000000000000000000000000000000000000000000000000000000000000000000000000000000000000000000000000000000000000000000000000000000000000000000000000000000000000000000000000000000000000000000000000000000000000000000000000000000000000000000000000000
    1	   10	    1	000000000000000000000000000000000000000000000000000000000000000000000000000000000000000000000000000000000000000000000000000000000000000000000000000000000000000000000000000000000000000000000000000000000000000000000000000000000000000000000000000000000000000000000000000000000000000000000000000000000000000000000000000000000000000000000000000000000000000000000000000000000000000000000000
    1	   10	    1	003e710043d10047fc0037a300458600493b00441a00490e003d940037cb003029003ae70044300033f80037ed00370f0028d1003cf7003eb7003ea10045560037f3003827003a4800352c00392f003102003f3100476a0034f5003615007f4e003e710043d10047fc0037a300458600493b00441a00490e003d940037cb003029003ae70044300033f80037ed00370f0028d1003cf7003eb7003ea10045560037f3003827003a4800352c00392f003102003f3100476a0034f5003615007f4e
    1	   10	    1	000000000000000000000000000000000000000000000000000000000000000000000000000000000000000000000000000000000000000000000000000000000000000000000000000000000000000000000000000000000000000000000000000000000000000000000000000000000000000000000000000000000000000000000000000000000000000000000000000000000000000000000000000000000000000000000000000000000000000000000000000000000000000000000000
    1	   10	   33	000000000000000000000000000000000000000000000000000000000000000000000000000000000000000000000000000000000000000000000000000000000000000000000000000000000000000000000000000000000000000000000000000000000000000000000000000000000000000000000000000000000000000000000000000000000000000000000000000000000000000000000000000000000000000000000000000000000000000000000000000000000000000000000000
    1	   10	   33	003497002fc9003bda004626003cc7002aaa0033310043d40044420043110049b80049450043510033f0003918003cfe004545003f27003436003e36002a02003fe20048b6004a18003f680040c8004809001fbc00311c0051cf002d7a0024c4003497002fc9003bda004626003cc7002aaa0033310043d40044420043110049b80049450043510033f0003918003cfe004545003f27003436003e36002a02003fe20048b6004a18003f680040c8004809001fbc00311c0051cf002d7a0024c4
    1	   10	   33	000000000000000000000000000000000000000000000000000000000000000000000000000000000000000000000000000000000000000000000000000000000000000000000000000000000000000000000000000000000000000000000000000000000000000000000000000000000000000000000000000000000000000000000000000000000000000000000000000000000000000000000000000000000000000000000000000000000000000000000000000000000000000000000000
    1	   13	    1	000000000000000000000000000000000000000000000000000000000000000000000000000000000000000000000000000000000000000000000000000000000000000000000000000000000000000000000000000000000000000000000000000000000000000000000000000000000000000000000000000000000000000000000000000000000000000000000000000000000000000000000000000000000000000000000000000000000000000000000000000000000000000000000000
    1	   13	    1	003bea004e600049c8003747003b95003f91003433003a760037c8003182003e3400413c003a95003b48003123002e28001eb8002abe0040350039240043d4003f5c0052590050ed0040b50038250033f00042b9003dc8003e1a002fd00077b1003bea004e600049c8003747003b95003f91003433003a760037c8003182003e3400413c003a95003b48003123002e28001eb8002abe0040350039240043d4003f5c0052590050ed0040b50038250033f00042b9003dc8003e1a002fd00077b1
    1	   13	    1	000000000000000000000000000000000000000000000000000000000000000000000000000000000000000000000000000000000000000000000000000000000000000000000000000000000000000000000000000000000000000000000000000000000000000000000000000000000000000000000000000000000000000000000000000000000000000000000000000000000000000000000000000000000000000000000000000000000000000000000000000000000000000000000000
    1	   13	   33	000000000000000000000000000000000000000000000000000000000000000000000000000000000000000000000000000000000000000000000000000000000000000000000000000000000000000000000000000000000000000000000000000000000000000000000000000000000000000000000000000000000000000000000000000000000000000000000000000000000000000000000000000000000000000000000000000000000000000000000000000000000000000000000000
    1	   13	   33	00356700290e003c720040a30037a7003355002c8200365b002715003ed900428800453600347100389a00413400409a002b1e002e310038ef00438200342e002c1b0036f8003bba00464d0041d90033c40041390036c000425d003d9900468400356700290e003c720040a30037a7003355002c8200365b002715003ed900428800453600347100389a00413400409a002b1e002e310038ef00438200342e002c1b0036f8003bba00464d0041d90033c40041390036c000425d003d99004684
    1	   13	   33	000000000000000000000000000000000000000000000000000000000000000000000000000000000000000000000000000000000000000000000000000000000000000000000000000000000000000000000000000000000000000000000000000000000000000000000000000000000000000000000000000000000000000000000000000000000000000000000000000000000000000000000000000000000000000000000000000000000000000000000000000000000000000000000000
    1	   16	    1	000000000000000000000000000000000000000000000000000000000000000000000000000000000000000000000000000000000000000000000000000000000000000000000000000000000000000000000000000000000000000000000000000000000000000000000000000000000000000000000000000000000000000000000000000000000000000000000000000000000000000000000000000000000000000000000000000000000000000000000000000000000000000000000000
    1	   16	    1	003659003868002db60038450041af004089003df8003e8f00369700360a003c5a0047da0031b1003fd00037c700478a004536004f74004c52003f51003e600049570042e4004e290045e2002d0b003c9b004d6f0045000032af0032b2007adf003659003868002db60038450041af004089003df8003e8f00369700360a003c5a0047da0031b1003fd00037c700478a004536004f74004c52003f51003e600049570042e4004e290045e2002d0b003c9b004d6f0045000032af0032b2007adf
    1	   16	    1	000000000000000000000000000000000000000000000000000000000000000000000000000000000000000000000000000000000000000000000000000000000000000000000000000000000000000000000000000000000000000000000000000000000000000000000000000000000000000000000000000000000000000000000000000000000000000000000000000000000000000000000000000000000000000000000000000000000000000000000000000000000000000000000000
    1	   16	   33	000000000000000000000000000000000000000000000000000000000000000000000000000000000000000000000000000000000000000000000000000000000000000000000000000000000000000000000000000000000000000000000000000000000000000000000000000000000000000000000000000000000000000000000000000000000000000000000000000000000000000000000000000000000000000000000000000000000000000000000000000000000000000000000000
    1	   16	   33	0031c0003bb700477b004b07003ac20039c700282b0034e500357800488b0053cd0052ba004a0100355d0038950040fc004efd003a0d0046a6004e990043bc003e2c0031c4003b810047ec0036cf003685002ffa004377003bdd0033e7003fde0031c0003bb700477b004b07003ac20039c700282b0034e500357800488b0053cd0052ba004a0100355d0038950040fc004efd003a0d0046a6004e990043bc003e2c0031c4003b810047ec0036cf003685002ffa004377003bdd0033e7003fde
    1	   16	   33	000000000000000000000000000000000000000000000000000000000000000000000000000000000000000000000000000000000000000000000000000000000000000000000000000000000000000000000000000000000000000000000000000000000000000000000000000000000000000000000000000000000000000000000000000000000000000000000000000000000000000000000000000000000000000000000000000000000000000000000000000000000000000000000000
    1	   19	    1	000000000000000000000000000000000000000000000000000000000000000000000000000000000000000000000000000000000000000000000000000000000000000000000000000000000000000000000000000000000000000000000000000000000000000000000000000000000000000000000000000000000000000000000000000000000000000000000000000000000000000000000000000000000000000000000000000000000000000000000000000000000000000000000000
    1	   19	    1	0036450041c6003b8b0037170029e40024cb0036ef004ed50041060040060048e6003f2e003f04002fdd002b240037ac003910003bb900438f0043b5003dec002f62002d3d0047df0034bd004b9b0049000044c100384d0037c600370e00707a0036450041c6003b8b0037170029e40024cb0036ef004ed50041060040060048e6003f2e003f04002fdd002b240037ac003910003bb900438f0043b5003dec002f62002d3d0047df0034bd004b9b0049000044c100384d0037c600370e00707a
    1	   19	    1	000000000000000000000000000000000000000000000000000000000000000000000000000000000000000000000000000000000000000000000000000000000000000000000000000000000000000000000000000000000000000000000000000000000000000000000000000000000000000000000000000000000000000000000000000000000000000000000000000000000000000000000000000000000000000000000000000000000000000000000000000000000000000000000000
    1	   19	   33	000000000000000000000000000000000000000000000000000000000000000000000000000000000000000000000000000000000000000000000000000000000000000000000000000000000000000000000000000000000000000000000000000000000000000000000000000000000000000000000000000000000000000000000000000000000000000000000000000000000000000000000000000000000000000000000000000000000000000000000000000000000000000000000000
    1	   19	   33	003eef0047410036dc0033c1003172003fe3003e1a003077003fa300412100396800410a00496f003c2a003c15004766005319003ecc00340e002b530038cb00355c003899003900003eab003dcb0043170047400050b800518600334e003244003eef0047410036dc0033c1003172003fe3003e1a003077003fa300412100396800410a00496f003c2a003c15004766005319003ecc00340e002b530038cb00355c003899003900003eab003dcb0043170047400050b800518600334e003244
    1	   19	   33	000000000000000000000000000000000000000000000000000000000000000000000000000000000000000000000000000000000000000000000000000000000000000000000000000000000000000000000000000000000000000000000000000000000000000000000000000000000000000000000000000000000000000000000000000000000000000000000000000000000000000000000000000000000000000000000000000000000000000000000000000000000000000000000000
    1	   22	    1	000000000000000000000000000000000000000000000000000000000000000000000000000000000000000000000000000000000000000000000000000000000000000000000000000000000000000000000000000000000000000000000000000000000000000000000000000000000000000000000000000000000000000000000000000000000000000000000000000000000000000000000000000000000000000000000000000000000000000000000000000000000000000000000000
    1	   22	    1	0044b4003f4700413c003ecf003d5e004124003649002feb002a07003310004fb3004522005706003cb2003cd700298f003706003656003eea003f5b003c37003ebf00369a003472003da400334e004b39004f1900416d003073003123007dcb0044b4003f4700413c003ecf003d5e004124003649002feb002a07003310004fb3004522005706003cb2003cd700298f003706003656003eea003f5b003c37003ebf00369a003472003da400334e004b39004f1900416d003073003123007dcb
    1	   22	    1	000000000000000000000000000000000000000000000000000000000000000000000000000000000000000000000000000000000000000000000000000000000000000000000000000000000000000000000000000000000000000000000000000000000000000000000000000000000000000000000000000000000000000000000000000000000000000000000000000000000000000000000000000000000000000000000000000000000000000000000000000000000000000000000000
    1	   22	   33	000000000000000000000000000000000000000000000000000000000000000000000000000000000000000000000000000000000000000000000000000000000000000000000000000000000000000000000000000000000000000000000000000000000000000000000000000000000000000000000000000000000000000000000000000000000000000000000000000000000000000000000000000000000000000000000000000000000000000000000000000000000000000000000000
    1	   22	   33	004138004240003db9003181002f72002e31003fa5004875003ca6002fe90036bd00589b003d75002b3200313300323d00345f00443c003f4c0040c10038d60036ea003ed1003a9e00310a0033e00038e00032a30048d80050a9003b31003c4f004138004240003db9003181002f72002e31003fa5004875003ca6002fe90036bd00589b003d75002b3200313300323d00345f00443c003f4c0040c10038d60036ea003ed1003a9e00310a0033e00038e00032a30048d80050a9003b31003c4f
    1	   22	   33	000000000000000000000000000000000000000000000000000000000000000000000000000000000000000000000000000000000000000000000000000000000000000000000000000000000000000000000000000000000000000000000000000000000000000000000000000000000000000000000000000000000000000000000000000000000000000000000000000000000000000000000000000000000000000000000000000000000000000000000000000000000000000000000000
    1	   25	    1	000000000000000000000000000000000000000000000000000000000000000000000000000000000000000000000000000000000000000000000000000000000000000000000000000000000000000000000000000000000000000000000000000000000000000000000000000000000000000000000000000000000000000000000000000000000000000000000000000000000000000000000000000000000000000000000000000000000000000000000000000000000000000000000000
    1	   25	    1	002efb004076003d3d004720003e97004885003b6a003b75004bca004503004247003d45003ee10035ce002b97002abf00331f002a4a003d6000486d00505d004a9900411c003e73002cf4003268003ca800362900245a002f88002dd7007e3d002efb004076003d3d004720003e97004885003b6a003b75004bca004503004247003d45003ee10035ce002b97002abf00331f002a4a003d6000486d00505d004a9900411c003e73002cf4003268003ca800362900245a002f88002dd7007e3d
    1	   25	    1	000000000000000000000000000000000000000000000000000000000000000000000000000000000000000000000000000000000000000000000000000000000000000000000000000000000000000000000000000000000000000000000000000000000000000000000000000000000000000000000000000000000000000000000000000000000000000000000000000000000000000000000000000000000000000000000000000000000000000000000000000000000000000000000000
    1	   25	   33	000000000000000000000000000000000000000000000000000000000000000000000000000000000000000000000000000000000000000000000000000000000000000000000000000000000000000000000000000000000000000000000000000000000000000000000000000000000000000000000000000000000000000000000000000000000000000000000000000000000000000000000000000000000000000000000000000000000000000000000000000000000000000000000000
    1	   25	   33	002c40002e99003cd90037120042750034ce0044a0004486003dc20037f40045ee0047de003cda0028a7002cbe0030a8002f1300435f004c29004237003fc0002e6f003967003d3800431c003a96003557003f94004989003ebc003edd002bb1002c40002e99003cd90037120042750034ce0044a0004486003dc20037f40045ee0047de003cda0028a7002cbe0030a8002f1300435f004c29004237003fc0002e6f003967003d3800431c003a96003557003f94004989003ebc003edd002bb1
    1	   25	   33	000000000000000000000000000000000000000000000000000000000000000000000000000000000000000000000000000000000000000000000000000000000000000000000000000000000000000000000000000000000000000000000000000000000000000000000000000000000000000000000000000000000000000000000000000000000000000000000000000000000000000000000000000000000000000000000000000000000000000000000000000000000000000000000000
    1	   28	    1	000000000000000000000000000000000000000000000000000000000000000000000000000000000000000000000000000000000000000000000000000000000000000000000000000000000000000000000000000000000000000000000000000000000000000000000000000000000000000000000000000000000000000000000000000000000000000000000000000000000000000000000000000000000000000000000000000000000000000000000000000000000000000000000000
    1	   28	    1	0039910025a2002eea0038540035d9004899003a300039050041d80028ed004c0c00390f0036e30045ef0047950030ce0034ee0026f1002a29002b6500348500420f003bae003925003053003963003948002e07002c510047b600449cff88e10039910025a2002eea0038540035d9004899003a300039050041d80028ed004c0c00390f0036e30045ef0047950030ce0034ee0026f1002a29002b6500348500420f003bae003925003053003963003948002e07002c510047b600449cff88e1
    1	   28	    1	000000000000000000000000000000000000000000000000000000000000000000000000000000000000000000000000000000000000000000000000000000000000000000000000000000000000000000000000000000000000000000000000000000000000000000000000000000000000000000000000000000000000000000000000000000000000000000000000000000000000000000000000000000000000000000000000000000000000000000000000000000000000000000000000
    1	   28	   33	000000000000000000000000000000000000000000000000000000000000000000000000000000000000000000000000000000000000000000000000000000000000000000000000000000000000000000000000000000000000000000000000000000000000000000000000000000000000000000000000000000000000000000000000000000000000000000000000000000000000000000000000000000000000000000000000000000000000000000000000000000000000000000000000
    1	   28	   33	003451004900004e98003e40004a340039d9002cee0034c9002f01002cb80034a8002994004193004d01003ed50029cc003930003e6c003d9d00403c003e5300373d003d490038b9003b6b003678002ea300435f00414c00414c0043e3003a17003451004900004e98003e40004a340039d9002cee0034c9002f01002cb80034a8002994004193004d01003ed50029cc003930003e6c003d9d00403c003e5300373d003d490038b9003b6b003678002ea300435f00414c00414c0043e3003a17
    1	   28	   33	000000000000000000000000000000000000000000000000000000000000000000000000000000000000000000000000000000000000000000000000000000000000000000000000000000000000000000000000000000000000000000000000000000000000000000000000000000000000000000000000000000000000000000000000000000000000000000000000000000000000000000000000000000000000000000000000000000000000000000000000000000000000000000000000
    1	   31	    1	000000000000000000000000000000000000000000000000000000000000000000000000000000000000000000000000000000000000000000000000000000000000000000000000000000000000000000000000000000000000000000000000000000000000000000000000000000000000000000000000000000000000000000000000000000000000000000000000000000000000000000000000000000000000000000000000000000000000000000000000000000000000000000000000
    1	   31	    1	003cc1003414003765003f81003124003557002835002eb90032e30041b1003e4400368c003e540040480042e7003cc3004f32003a4e0030fe00334e003767003c1b003e9a00402e00402600459000314f003bc10046be0049d40043b2ff8159003cc1003414003765003f81003124003557002835002eb90032e30041b1003e4400368c003e540040480042e7003cc3004f32003a4e0030fe00334e003767003c1b003e9a00402e00402600459000314f003bc10046be0049d40043b2ff8159
    1	   31	    1	000000000000000000000000000000000000000000000000000000000000000000000000000000000000000000000000000000000000000000000000000000000000000000000000000000000000000000000000000000000000000000000000000000000000000000000000000000000000000000000000000000000000000000000000000000000000000000000000000000000000000000000000000000000000000000000000000000000000000000000000000000000000000000000000
    1	   31	   33	000000000000000000000000000000000000000000000000000000000000000000000000000000000000000000000000000000000000000000000000000000000000000000000000000000000000000000000000000000000000000000000000000000000000000000000000000000000000000000000000000000000000000000000000000000000000000000000000000000000000000000000000000000000000000000000000000000000000000000000000000000000000000000000000
    1	   31	   33	00342d0039f80048f100463800421f0045d8003e3c003cbc004705003f5e003b070033d10038aa0037450030e90039c60049fc00416f0039e800435c003cce003170003254002fdb004997002f99003a99003f490036df0044280032aa00468e00342d0039f80048f100463800421f0045d8003e3c003cbc004705003f5e003b070033d10038aa0037450030e90039c60049fc00416f0039e800435c003cce003170003254002fdb004997002f99003a99003f490036df0044280032aa00468e
    1	   31	   33	000000000000000000000000000000000000000000000000000000000000000000000000000000000000000000000000000000000000000000000000000000000000000000000000000000000000000000000000000000000000000000000000000000000000000000000000000000000000000000000000000000000000000000000000000000000000000000000000000000000000000000000000000000000000000000000000000000000000000000000000000000000000000000000000
    1	   34	    1	000000000000000000000000000000000000000000000000000000000000000000000000000000000000000000000000000000000000000000000000000000000000000000000000000000000000000000000000000000000000000000000000000000000000000000000000000000000000000000000000000000000000000000000000000000000000000000000000000000000000000000000000000000000000000000000000000000000000000000000000000000000000000000000000
    1	   34	    1	0041f30046eb002de5003712003828003c440032d6002c9800500a005cb2003bf2003cd6004438002a110037f60044ad003975002ceb002fc000355a003d0e003ec6003775003e0000522700443b004758004817004562003c20004894007db90041f30046eb002de5003712003828003c440032d6002c9800500a005cb2003bf2003cd6004438002a110037f60044ad003975002ceb002fc000355a003d0e003ec6003775003e0000522700443b004758004817004562003c20004894007db9
    1	   34	    1	000000000000000000000000000000000000000000000000000000000000000000000000000000000000000000000000000000000000000000000000000000000000000000000000000000000000000000000000000000000000000000000000000000000000000000000000000000000000000000000000000000000000000000000000000000000000000000000000000000000000000000000000000000000000000000000000000000000000000000000000000000000000000000000000
    1	   34	   33	000000000000000000000000000000000000000000000000000000000000000000000000000000000000000000000000000000000000000000000000000000000000000000000000000000000000000000000000000000000000000000000000000000000000000000000000000000000000000000000000000000000000000000000000000000000000000000000000000000000000000000000000000000000000000000000000000000000000000000000000000000000000000000000000
    1	   34	   33	00322200413e00447c0051b8004286003846003b50004c58004ba7003df5003845003879003998003a93002fa80043ae0047a9003d3c003483002e860049bc003bf10038060036d70032ed00257800372c003ff40037ae0048a70048b1004e5c00322200413e00447c0051b8004286003846003b50004c58004ba7003df5003845003879003998003a93002fa80043ae0047a9003d3c003483002e860049bc003bf10038060036d70032ed00257800372c003ff40037ae0048a70048b1004e5c
    1	   34	   33	000000000000000000000000000000000000000000000000000000000000000000000000000000000000000000000000000000000000000000000000000000000000000000000000000000000000000000000000000000000000000000000000000000000000000000000000000000000000000000000000000000000000000000000000000000000000000000000000000000000000000000000000000000000000000000000000000000000000000000000000000000000000000000000000
    1	   37	    1	000000000000000000000000000000000000000000000000000000000000000000000000000000000000000000000000000000000000000000000000000000000000000000000000000000000000000000000000000000000000000000000000000000000000000000000000000000000000000000000000000000000000000000000000000000000000000000000000000000000000000000000000000000000000000000000000000000000000000000000000000000000000000000000000
    1	   37	    1	00383200364a004aa3003b15003d890046cd00384d0033d00042e0004342003ea1003ce9003e8400471e003c9e003cd90038b70041730037740039aa003b4f0048ec004dab0038f800247c003677003a94004891004faf002c42003fbcff86b700383200364a004aa3003b15003d890046cd00384d0033d00042e0004342003ea1003ce9003e8400471e003c9e003cd90038b70041730037740039aa003b4f0048ec004dab0038f800247c003677003a94004891004faf002c42003fbcff86b7
    1	   37	    1	000000000000000000000000000000000000000000000000000000000000000000000000000000000000000000000000000000000000000000000000000000000000000000000000000000000000000000000000000000000000000000000000000000000000000000000000000000000000000000000000000000000000000000000000000000000000000000000000000000000000000000000000000000000000000000000000000000000000000000000000000000000000000000000000
    1	   37	   33	000000000000000000000000000000000000000000000000000000000000000000000000000000000000000000000000000000000000000000000000000000000000000000000000000000000000000000000000000000000000000000000000000000000000000000000000000000000000000000000000000000000000000000000000000000000000000000000000000000000000000000000000000000000000000000000000000000000000000000000000000000000000000000000000
    1	   37	   33	0029ae0038a50039fe0034fa0039430039b3004323003ade00345200454700440d00324a003abb0035510040350049ca00448a004960004ab80039520044c40046a1004ea7003ce800488c003ba2004614003d4100343b003f3a004228003af70029ae0038a50039fe0034fa0039430039b3004323003ade00345200454700440d00324a003abb0035510040350049ca00448a004960004ab80039520044c40046a1004ea7003ce800488c003ba2004614003d4100343b003f3a004228003af7
    1	   37	   33	000000000000000000000000000000000000000000000000000000000000000000000000000000000000000000000000000000000000000000000000000000000000000000000000000000000000000000000000000000000000000000000000000000000000000000000000000000000000000000000000000000000000000000000000000000000000000000000000000000000000000000000000000000000000000000000000000000000000000000000000000000000000000000000000
    1	   40	    1	000000000000000000000000000000000000000000000000000000000000000000000000000000000000000000000000000000000000000000000000000000000000000000000000000000000000000000000000000000000000000000000000000000000000000000000000000000000000000000000000000000000000000000000000000000000000000000000000000000000000000000000000000000000000000000000000000000000000000000000000000000000000000000000000
    1	   40	    1	002902003e6d0039660037ea003db60030aa002f4a0043aa004f060033ad003f08003e89003ca400353d002582003db1004a420039f1003f5e003a00003e3c00339e00338f00420c003d00002e070041280040180045170027df00375c00774c002902003e6d0039660037ea003db60030aa002f4a0043aa004f060033ad003f08003e89003ca400353d002582003db1004a420039f1003f5e003a00003e3c00339e00338f00420c003d00002e070041280040180045170027df00375c00774c
    1	   40	    1	000000000000000000000000000000000000000000000000000000000000000000000000000000000000000000000000000000000000000000000000000000000000000000000000000000000000000000000000000000000000000000000000000000000000000000000000000000000000000000000000000000000000000000000000000000000000000000000000000000000000000000000000000000000000000000000000000000000000000000000000000000000000000000000000
    1	   40	   33	000000000000000000000000000000000000000000000000000000000000000000000000000000000000000000000000000000000000000000000000000000000000000000000000000000000000000000000000000000000000000000000000000000000000000000000000000000000000000000000000000000000000000000000000000000000000000000000000000000000000000000000000000000000000000000000000000000000000000000000000000000000000000000000000
    1	   40	   33	004727004429002a8700412a00365d003c4d003c910044dd004b7900361400377e0045cf00431400325c003c410045e1004272004440004d67003a4c0037cb0033b70043020042b100499b002f8400364d003adc004798002c9b002ab00028d8004727004429002a8700412a00365d003c4d003c910044dd004b7900361400377e0045cf00431400325c003c410045e1004272004440004d67003a4c0037cb0033b70043020042b100499b002f8400364d003adc004798002c9b002ab00028d8
    1	   40	   33	000000000000000000000000000000000000000000000000000000000000000000000000000000000000000000000000000000000000000000000000000000000000000000000000000000000000000000000000000000000000000000000000000000000000000000000000000000000000000000000000000000000000000000000000000000000000000000000000000000000000000000000000000000000000000000000000000000000000000000000000000000000000000000000000
    1	   43	    1	000000000000000000000000000000000000000000000000000000000000000000000000000000000000000000000000000000000000000000000000000000000000000000000000000000000000000000000000000000000000000000000000000000000000000000000000000000000000000000000000000000000000000000000000000000000000000000000000000000000000000000000000000000000000000000000000000000000000000000000000000000000000000000000000
    1	   43	    1	002f1d002d930047770039920033d800442b0047e900434c003f8a0041100041c30035fc003c090038b100419900455300307b003aca0035f2004a91004beb00439500331d00430d00482f003ef0003b5d0026360043ff004701002e9b007e80002f1d002d930047770039920033d800442b0047e900434c003f8a0041100041c30035fc003c090038b100419900455300307b003aca0035f2004a91004beb00439500331d00430d00482f003ef0003b5d0026360043ff004701002e9b007e80
    1	   43	    1	000000000000000000000000000000000000000000000000000000000000000000000000000000000000000000000000000000000000000000000000000000000000000000000000000000000000000000000000000000000000000000000000000000000000000000000000000000000000000000000000000000000000000000000000000000000000000000000000000000000000000000000000000000000000000000000000000000000000000000000000000000000000000000000000
    1	   43	   33	000000000000000000000000000000000000000000000000000000000000000000000000000000000000000000000000000000000000000000000000000000000000000000000000000000000000000000000000000000000000000000000000000000000000000000000000000000000000000000000000000000000000000000000000000000000000000000000000000000000000000000000000000000000000000000000000000000000000000000000000000000000000000000000000
    1	   43	   33	003339002588002dd6003a870036f8003de2004364004599004b6e0040e20046b8003995003a52003eb2003a7e003d63002d1100335e0035d5002b1000376900440700330f002ce200257a00311a003e6500355f003a2c003a0d00320c003b54003339002588002dd6003a870036f8003de2004364004599004b6e0040e20046b8003995003a52003eb2003a7e003d63002d1100335e0035d5002b1000376900440700330f002ce200257a00311a003e6500355f003a2c003a0d00320c003b54
    1	   43	   33	000000000000000000000000000000000000000000000000000000000000000000000000000000000000000000000000000000000000000000000000000000000000000000000000000000000000000000000000000000000000000000000000000000000000000000000000000000000000000000000000000000000000000000000000000000000000000000000000000000000000000000000000000000000000000000000000000000000000000000000000000000000000000000000000
    1	   46	    1	000000000000000000000000000000000000000000000000000000000000000000000000000000000000000000000000000000000000000000000000000000000000000000000000000000000000000000000000000000000000000000000000000000000000000000000000000000000000000000000000000000000000000000000000000000000000000000000000000000000000000000000000000000000000000000000000000000000000000000000000000000000000000000000000
    1	   46	    1	00316a00366b003cc10041f9002867002a1b003730003c530046cb003eea003b4200314200340a00320e002b24003a7d00457100387e002bd90033a7002be4003d6e0039aa002386003a03003a010038ec002b2300364e004510003639007fc000316a00366b003cc10041f9002867002a1b003730003c530046cb003eea003b4200314200340a00320e002b24003a7d00457100387e002bd90033a7002be4003d6e0039aa002386003a03003a010038ec002b2300364e004510003639007fc0
    1	   46	    1	000000000000000000000000000000000000000000000000000000000000000000000000000000000000000000000000000000000000000000000000000000000000000000000000000000000000000000000000000000000000000000000000000000000000000000000000000000000000000000000000000000000000000000000000000000000000000000000000000000000000000000000000000000000000000000000000000000000000000000000000000000000000000000000000
    1	   46	   33	000000000000000000000000000000000000000000000000000000000000000000000000000000000000000000000000000000000000000000000000000000000000000000000000000000000000000000000000000000000000000000000000000000000000000000000000000000000000000000000000000000000000000000000000000000000000000000000000000000000000000000000000000000000000000000000000000000000000000000000000000000000000000000000000
    1	   46	   33	003585003cb2003ec40045f10044220049c10040b5003be10045be00462e004364003b2e004588004111003c90003797003a33004da000437a003530004126003a9d003271003b54003bd7003c34003bc000494a00433300329f0042e80046f5003585003cb2003ec40045f10044220049c10040b5003be10045be00462e004364003b2e004588004111003c90003797003a33004da000437a003530004126003a9d003271003b54003bd7003c34003bc000494a00433300329f0042e80046f5
    1	   46	   33	000000000000000000000000000000000000000000000000000000000000000000000000000000000000000000000000000000000000000000000000000000000000000000000000000000000000000000000000000000000000000000000000000000000000000000000000000000000000000000000000000000000000000000000000000000000000000000000000000000000000000000000000000000000000000000000000000000000000000000000000000000000000000000000000
    1	   49	    1	000000000000000000000000000000000000000000000000000000000000000000000000000000000000000000000000000000000000000000000000000000000000000000000000000000000000000000000000000000000000000000000000000000000000000000000000000000000000000000000000000000000000000000000000000000000000000000000000000000000000000000000000000000000000000000000000000000000000000000000000000000000000000000000000
    1	   49	    1	003930003c0b002e900044bb00391b003a8e004474004679003653003044003c19003528003dfc003ef100416900432400435a004f6000418600457000461700514c004542003b67003a02004fad004a6d003be3003d7a0035fe003453007ba8003930003c0b002e900044bb00391b003a8e004474004679003653003044003c19003528003dfc003ef100416900432400435a004f6000418600457000461700514c004542003b67003a02004fad004a6d003be3003d7a0035fe003453007ba8
    1	   49	    1	000000000000000000000000000000000000000000000000000000000000000000000000000000000000000000000000000000000000000000000000000000000000000000000000000000000000000000000000000000000000000000000000000000000000000000000000000000000000000000000000000000000000000000000000000000000000000000000000000000000000000000000000000000000000000000000000000000000000000000000000000000000000000000000000
    1	   49	   33	000000000000000000000000000000000000000000000000000000000000000000000000000000000000000000000000000000000000000000000000000000000000000000000000000000000000000000000000000000000000000000000000000000000000000000000000000000000000000000000000000000000000000000000000000000000000000000000000000000000000000000000000000000000000000000000000000000000000000000000000000000000000000000000000
    1	   49	   33	0036cf002d50003e8b00405a00332c002beb003de500387f00447a004cbb004aa200427400445f003a4a0053a6003ec1003a18002dfb0035af00464900325f003916003bb800404d003935002f05003343003bd3003549003cb30033a6002dd10036cf002d50003e8b00405a00332c002beb003de500387f00447a004cbb004aa200427400445f003a4a0053a6003ec1003a18002dfb0035af00464900325f003916003bb800404d003935002f05003343003bd3003549003cb30033a6002dd1
    1	   49	   33	000000000000000000000000000000000000000000000000000000000000000000000000000000000000000000000000000000000000000000000000000000000000000000000000000000000000000000000000000000000000000000000000000000000000000000000000000000000000000000000000000000000000000000000000000000000000000000000000000000000000000000000000000000000000000000000000000000000000000000000000000000000000000000000000
    1	   52	    1	000000000000000000000000000000000000000000000000000000000000000000000000000000000000000000000000000000000000000000000000000000000000000000000000000000000000000000000000000000000000000000000000000000000000000000000000000000000000000000000000000000000000000000000000000000000000000000000000000000000000000000000000000000000000000000000000000000000000000000000000000000000000000000000000
    1	   52	    1	0037ba002cce002e0f003936003c8800383900284500370100392a003e59003fad0040f7002f23002855003a3b003163003cfb00459a004163002c440037d6003747002f75003520003ef7003cb4003553004048003729003e0c0036d30079b90037ba002cce002e0f003936003c8800383900284500370100392a003e59003fad0040f7002f23002855003a3b003163003cfb00459a004163002c440037d6003747002f75003520003ef7003cb4003553004048003729003e0c0036d30079b9
    1	   52	    1	000000000000000000000000000000000000000000000000000000000000000000000000000000000000000000000000000000000000000000000000000000000000000000000000000000000000000000000000000000000000000000000000000000000000000000000000000000000000000000000000000000000000000000000000000000000000000000000000000000000000000000000000000000000000000000000000000000000000000000000000000000000000000000000000
    1	   52	   33	000000000000000000000000000000000000000000000000000000000000000000000000000000000000000000000000000000000000000000000000000000000000000000000000000000000000000000000000000000000000000000000000000000000000000000000000000000000000000000000000000000000000000000000000000000000000000000000000000000000000000000000000000000000000000000000000000000000000000000000000000000000000000000000000
    1	   52	   33	0043f3004a99003a690040970045bd0049a0003f8e0049eb0047f600337c003b4c003ba10037e2003a3f00371600366e0039fd003ee7004617003ec9004bd6004fc4003d70003db70033970029a9003550003a03002fce00533500448a0032d00043f3004a99003a690040970045bd0049a0003f8e0049eb0047f600337c003b4c003ba10037e2003a3f00371600366e0039fd003ee7004617003ec9004bd6004fc4003d70003db70033970029a9003550003a03002fce00533500448a0032d0
    1	   52	   33	000000000000000000000000000000000000000000000000000000000000000000000000000000000000000000000000000000000000000000000000000000000000000000000000000000000000000000000000000000000000000000000000000000000000000000000000000000000000000000000000000000000000000000000000000000000000000000000000000000000000000000000000000000000000000000000000000000000000000000000000000000000000000000000000
    1	   55	    1	000000000000000000000000000000000000000000000000000000000000000000000000000000000000000000000000000000000000000000000000000000000000000000000000000000000000000000000000000000000000000000000000000000000000000000000000000000000000000000000000000000000000000000000000000000000000000000000000000000000000000000000000000000000000000000000000000000000000000000000000000000000000000000000000
    1	   55	    1	00337900483c0038110037c8002ffd003c8900478500350a003b1b003c950034190039fb0032ab00340a003222003a320049190041300035c1003844004782002fcb00440b004446003948004a13003817003b73002ca6002c6f0037eb006dd500337900483c0038110037c8002ffd003c8900478500350a003b1b003c950034190039fb0032ab00340a003222003a320049190041300035c1003844004782002fcb00440b004446003948004a13003817003b73002ca6002c6f0037eb006dd5
    1	   55	    1	000000000000000000000000000000000000000000000000000000000000000000000000000000000000000000000000000000000000000000000000000000000000000000000000000000000000000000000000000000000000000000000000000000000000000000000000000000000000000000000000000000000000000000000000000000000000000000000000000000000000000000000000000000000000000000000000000000000000000000000000000000000000000000000000
    1	   55	   33	000000000000000000000000000000000000000000000000000000000000000000000000000000000000000000000000000000000000000000000000000000000000000000000000000000000000000000000000000000000000000000000000000000000000000000000000000000000000000000000000000000000000000000000000000000000000000000000000000000000000000000000000000000000000000000000000000000000000000000000000000000000000000000000000
    1	   55	   33	00413c0044de0046730049520045da0043e5003e1c0035c4003881002c4b004a2800388500312f004b28003cff00349a004c87002e1a003732004191003504004aab002e260028f40041fb0047c2003d63003d47004ff300457e00361700409700413c0044de0046730049520045da0043e5003e1c0035c4003881002c4b004a2800388500312f004b28003cff00349a004c87002e1a003732004191003504004aab002e260028f40041fb0047c2003d63003d47004ff300457e003617004097
    1	   55	   33	000000000000000000000000000000000000000000000000000000000000000000000000000000000000000000000000000000000000000000000000000000000000000000000000000000000000000000000000000000000000000000000000000000000000000000000000000000000000000000000000000000000000000000000000000000000000000000000000000000000000000000000000000000000000000000000000000000000000000000000000000000000000000000000000
    1	   58	    1	000000000000000000000000000000000000000000000000000000000000000000000000000000000000000000000000000000000000000000000000000000000000000000000000000000000000000000000000000000000000000000000000000000000000000000000000000000000000000000000000000000000000000000000000000000000000000000000000000000000000000000000000000000000000000000000000000000000000000000000000000000000000000000000000
    1	   58	    1	002cb7003a2f0034160033e8002f220043470039a40048130037dc002f09003f4b0048b90042ca003abc004700004ee4003717003ed00051940037b70031b5002a6500334400413e0045ef004a4b003d07003c2c002d310044b5003e9eff86b4002cb7003a2f0034160033e8002f220043470039a40048130037dc002f09003f4b0048b90042ca003abc004700004ee4003717003ed00051940037b70031b5002a6500334400413e0045ef004a4b003d07003c2c002d310044b5003e9eff86b4
    1	   58	    1	000000000000000000000000000000000000000000000000000000000000000000000000000000000000000000000000000000000000000000000000000000000000000000000000000000000000000000000000000000000000000000000000000000000000000000000000000000000000000000000000000000000000000000000000000000000000000000000000000000000000000000000000000000000000000000000000000000000000000000000000000000000000000000000000
    1	   58	   33	000000000000000000000000000000000000000000000000000000000000000000000000000000000000000000000000000000000000000000000000000000000000000000000000000000000000000000000000000000000000000000000000000000000000000000000000000000000000000000000000000000000000000000000000000000000000000000000000000000000000000000000000000000000000000000000000000000000000000000000000000000000000000000000000
    1	   58	   33	0039c90043c90042af003e320023dd003a060040b800380e0037b500385c00323b0037aa00360e003ca9003e270034dd0032da00366a003d470033f0003bfb004f09003ac8002ea60043cf003342002cf0003ea5003aa70040770042b600411e0039c90043c90042af003e320023dd003a060040b800380e0037b500385c00323b0037aa00360e003ca9003e270034dd0032da00366a003d470033f0003bfb004f09003ac8002ea60043cf003342002cf0003ea5003aa70040770042b600411e
    1	   58	   33	000000000000000000000000000000000000000000000000000000000000000000000000000000000000000000000000000000000000000000000000000000000000000000000000000000000000000000000000000000000000000000000000000000000000000000000000000000000000000000000000000000000000000000000000000000000000000000000000000000000000000000000000000000000000000000000000000000000000000000000000000000000000000000000000
    1	   61	    1	000000000000000000000000000000000000000000000000000000000000000000000000000000000000000000000000000000000000000000000000000000000000000000000000000000000000000000000000000000000000000000000000000000000000000000000000000000000000000000000000000000000000000000000000000000000000000000000000000000000000000000000000000000000000000000000000000000000000000000000000000000000000000000000000
    1	   61	    1	003586002df6003b34002d01003d570044a7004297003fa7002cd70032c5002b080039bd0041620033ad00222a0040880046ee0031a2002e9f003895003f8b003ece00434d0043a600415000341e00379e0041c1003cdb004521003f11007548003586002df6003b34002d01003d570044a7004297003fa7002cd70032c5002b080039bd0041620033ad00222a0040880046ee0031a2002e9f003895003f8b003ece00434d0043a600415000341e00379e0041c1003cdb004521003f11007548
    1	   61	    1	000000000000000000000000000000000000000000000000000000000000000000000000000000000000000000000000000000000000000000000000000000000000000000000000000000000000000000000000000000000000000000000000000000000000000000000000000000000000000000000000000000000000000000000000000000000000000000000000000000000000000000000000000000000000000000000000000000000000000000000000000000000000000000000000
    1	   61	   33	000000000000000000000000000000000000000000000000000000000000000000000000000000000000000000000000000000000000000000000000000000000000000000000000000000000000000000000000000000000000000000000000000000000000000000000000000000000000000000000000000000000000000000000000000000000000000000000000000000000000000000000000000000000000000000000000000000000000000000000000000000000000000000000000
    1	   61	   33	0038920038bf0033eb0040c8004496003988003a820031040041970047eb003f220024c8001fe9003c5c0040640029fd003db100453b002f67002e2c0041d700409d0041d20043d3003d360048b50039d2003aa800388f002d890030ab0044050038920038bf0033eb0040c8004496003988003a820031040041970047eb003f220024c8001fe9003c5c0040640029fd003db100453b002f67002e2c0041d700409d0041d20043d3003d360048b50039d2003aa800388f002d890030ab004405
    1	   61	   33	000000000000000000000000000000000000000000000000000000000000000000000000000000000000000000000000000000000000000000000000000000000000000000000000000000000000000000000000000000000000000000000000000000000000000000000000000000000000000000000000000000000000000000000000000000000000000000000000000000000000000000000000000000000000000000000000000000000000000000000000000000000000000000000000
    1	   64	    1	000000000000000000000000000000000000000000000000000000000000000000000000000000000000000000000000000000000000000000000000000000000000000000000000000000000000000000000000000000000000000000000000000000000000000000000000000000000000000000000000000000000000000000000000000000000000000000000000000000000000000000000000000000000000000000000000000000000000000000000000000000000000000000000000
    1	   64	   33	000000000000000000000000000000000000000000000000000000000000000000000000000000000000000000000000000000000000000000000000000000000000000000000000000000000000000000000000000000000000000000000000000000000000000000000000000000000000000000000000000000000000000000000000000000000000000000000000000000000000000000000000000000000000000000000000000000000000000000000000000000000000000000000000
