x	    x	    x	    x	xxxxxxxxxxxxxxxxxxxxxxxxxxxxxxxxxxxxxxxxxxxxxxxxxxxxxxxxxxxxxxxxxxxxxxxxxxxxxxxxxxxxxxxxxxxxxxxxxxxxxxxxxxxxxxxxxxxxxxxxxxxxxxxxxxxxxxxxxxxxxxxxxxxxxxxxxxxxxxxxxxxxxxxxxxxxxxxxxxxxxxxxxxxxxxxxxxxxxxxxxxxxxxxxxxxxxxxxxxxxxxxxxxxxxxxxxxxxxxxxxxxxxxxxxxxxxxxx
x	    0	    0	    0	xxxxxxxxxxxxxxxxxxxxxxxxxxxxxxxxxxxxxxxxxxxxxxxxxxxxxxxxxxxxxxxxxxxxxxxxxxxxxxxxxxxxxxxxxxxxxxxxxxxxxxxxxxxxxxxxxxxxxxxxxxxxxxxxxxxxxxxxxxxxxxxxxxxxxxxxxxxxxxxxxxxxxxxxxxxxxxxxxxxxxxxxxxxxxxxxxxxxxxxxxxxxxxxxxxxxxxxxxxxxxxxxxxxxxxxxxxxxxxxxxxxxxxxxxxxxxxxx
0	    0	    0	    0	xxxxxxxxxxxxxxxxxxxxxxxxxxxxxxxxxxxxxxxxxxxxxxxxxxxxxxxxxxxxxxxxxxxxxxxxxxxxxxxxxxxxxxxxxxxxxxxxxxxxxxxxxxxxxxxxxxxxxxxxxxxxxxxxxxxxxxxxxxxxxxxxxxxxxxxxxxxxxxxxxxxxxxxxxxxxxxxxxxxxxxxxxxxxxxxxxxxxxxxxxxxxxxxxxxxxxxxxxxxxxxxxxxxxxxxxxxxxxxxxxxxxxxxxxxxxxxxx
0	    0	    0	    0	0000000000000000000000000000000000000000000000000000000000000000000000000000000000000000000000000000000000000000000000000000000000000000000000000000000000000000000000000000000000000000000000000000000000000000000000000000000000000000000000000000000000000000
0	    0	    0	    0	ffadff68ff13ffedff3aff31ff33ff9fff9effe5ff17ffd2ffa4ff68ff25ffb6ff6ffff2ff14fffaffadff25ff64ffffffbdff53ffa4ff4cff1effeaff680000ffadff68ff13ffedff3aff31ff33ff9fff9effe5ff17ffd2ffa4ff68ff25ffb6ff6ffff2ff14fffaffadff25ff64ffffffbdff53ffa4ff4cff1effeaff680000
0	    0	    0	    0	0058ffbbffab00daff4dfff70002006cffff0047ff3200bbffd2ffc4ffbd0091ffb90083ff2200e6ffb3ff78003f009bffbeff960051ffa8ffd200ccff7e0098ff02ff15fe7bff00ff27fe6bfe64fed2ff3dff83fefcfee9ff76ff0cfe8dfedbff25ff61ff06ff0effa7fed2fe89ff63ffbcff10fef7fef0fe6aff08ff52ff68
0	    0	    0	    0	00580066fffe0172003a000a00c8013b00cc00a8ff9400d600bbfff200190129009400cdffb300f4009fff7e00920176005aff9700940055002e0180006000aeff02fe6afe28fe68fe3afe58fd9efe03fe70ff22fe9afecefe8dfedefe31fe43fe4aff17fe75ff00febbfeccfe36fe88ff20ff0ffeb4fe43fe0efe54fe70ff52
0	    0	    0	    0	00a800b000cc01c3012700c2012701de00e60175ff9c0124016b005400650143017301bf008f0143011ffff1017601f60130ffbb01840146005d018100f000aefeb2fe20fd5afe17fd4dfda0fd3ffd60fe56fe55fe92fe80fdddfe7cfde5fe29fd6bfe25fd99feb1fe3bfe59fd52fe08fe4afeebfdc4fd52fddffe53fde0ff52
0	    0	    0	    0	ffee0060008200f500d6ffd5006f017f0043015bfecf011c011dffa4000300f7015900e0ff9d006700d0ff710103011200b0fee501600056ff6c015200ef001eff6cfe70fda4fee5fd9efe8dfdf7fdbffef9fe6fff5ffe88fe2bff2cfe47fe75fd85ff04fe8bff8dfe8afed9fdc5feecfecaffc1fde8fe42fed0fe82fde1ffe2
0	    0	    0	    0	ffeeffa6003200ab0008ff84ff8200c7ffe400b8feb5004f0115ff56ff530095010d00c6febeff75fff4ff220083009fffccfe65008a0032fe7c006100c0001dff6cff2afdf4ff2ffe6cfedefee4fe77ff58ff12ff79ff55fe33ff7afef7fed7fdd1ff1eff6a007fff66ff28fe45ff5fffae0041febefe66ffc0ff73fe10ffe3
0	    0	    0	    0	00a1000600c900ff001cffd9ff87017a003400bbff8300b30131ff5eff5e012101e500fbff73004400290001012f013f0040fe9201520088ff5600aa016d001d001fff8afe8bff83fe80ff33fee9ff2affa8ff150047ffb9fe4fff82ff02ff63fea9ff53001f014eff9b0007fef1ffff0022006eff86febc009affbcfebdffe3
0	    0	    0	    0	0078ff5300690068ffc8ffc5ff320175ff81006bff80ffe500cdff42ff56011601590023ff3eff8fff5affcc00500093ffa0fe1e0125ffc0ff00ffd00124ff70fff6fed7fe2bfeecfe2cff1ffe94ff25fef5fec50044feebfdebff66fefaff58fe1dfe7bffea0099feccffd2fe12ff53ff82fffaff59fdf40044fee2fe74ff36
0	    0	    0	    0	0078ff2affb60008ff31ff71ff1e0120ff7cffb8ff30ffe2fffffedeff3a010e014eff97fe66ff5afea5fefd001bffb4fef4fd7e00b1ff93fe38ff7a004aff27fff6ff00fedeff4cfec3ff73fea8ff7afefaff780094feeefeb9ffcaff16ff60fe28ff0700c200ceff8100a1fe470032002e009affcdfe21010cff38ff4eff7f
0	    0	    0	    0	00b2ff87007b0091ffdc000efffd02080007008a002300b8005dff88ff9201a102130049fea8ffcefeeaffe90048ffe9ff42fe0a0107ff9cfea9002e0146ff27ffbcfea3fe19fec3fe18fed6fdc9fe92fe6ffea6ffa1fe18fe5bff20febefecdfd63fe550080005aff3cffb5fe1afffdffe0000eff77fe18009bfe84fe52ff7f
0	    1	    1	    1	00c0ffc100d80156006500b9009a02e700ef011500f501ab0133ffe6003c01f902a6010eff5a0010ff5e002e01340016ff77fe580193fff2feb2009f01fa0023ffcafeddfe76ff88fea1ff81fe66ff71ff57ff310073ff0bff31ff7eff68ff25fdf6ff1a0132009cffb0fffaff06002a0015005c0003fe6e00a4fef5ff06007b
0	    1	    1	    1	00c0ffcf011201b3012a01420145038401ce01fd0180027d022600bc009a02a302fe01a1001f00c2ffa000a201790102ffa4fe8d01e1007eff0800a8026b00d7ffcafecffe3cff2bfddcfef8fdbbfed4fe78fe49ffe8fe39fe3efea8ff0afe7bfd9efe87006dffeaff6eff86fec1ff3effe80027ffb5fde2004efeecfe95ffc7
0	    1	    1	    1	ffe7ffb5010c017600b300e600d302f101110156010a020401b80048003301b50219011bffc4002eff1600980127002dff3cfddc00fe003ffe80ffec022700d700a3fee9fe42ff68fe53ff54fe2dff67ff35fef0005efeb2feacff1cff71ff69fe83ff0d00c8007efff8ff90ff130013005000d80098fe2100d6ffa8fed9ffc7
0	    1	    1	    1	ff93fedc00f201700076006f0077027f007e00990063018e013fffdaffbf014e012b0036ff3effd3fe82000e011dffdbfe67fd74004dff5cfe41ff64016b009300f7ffc2fe5cff6efe90ffcbfe89ffd9ffc8ffad0105ff28ff25ff8affe5ffd0ff71fff2014e00d9008c001aff1d0065012501400149ff0401150030ff95000b
0	    1	    1	    1	ff93fe88001901560070003200000223000c0006ffa600e700c9ff61ff5100da00c4ff48fe59ff4dfe27ff7a0093ffd1fe15fc9fffe5feabfd5eff2500e3ffd700f7ff6efd83ff54fe8aff8efe12ff7dff56ff1a0048fe81feafff11ff77ff5cff0aff04006900530031ff86fe93005b00d3006b00e1fe530032fff1ff0dff4f
0	    1	    1	    1	ff9eff39008701ec00bb00cb00410316005000db005d01d00188ffceffa4014c0149ff69ff3cff69febd005b015c006cfe1ffd270042ff0afdf7001f00f3ffd700ecfebdfd15febefe3ffef5fdd1fe8aff12fe45ff91fd98fdf0fea4ff24feeafe85fee3ff860037ff9bfea5fdcaffc000c9ffe30084fdf4ff99fef7fefdff4f
0	    1	    1	    1	febcff2effd6017e00250080ffa802d5ff5d0097ff880119009fff0fff3700f900d7fee4ff1bfe86fea1ffc5007bffa3fd84fd1dffbafeadfd98ff86fff9ffc7000afeb2fc64fe50fda9feaafd38fe49fe1ffe01febcfce1fd07fde5feb7fe97fe13fe5eff65ff54ff7ffe0ffce9fef7002effd9fffcfd97ff3afe5efe03ff3f
0	    1	    1	    1	febc0010ffe1022f00930116fff3036eff9e018affcc01ee0156fff8fff60166012aff56ffa0fea7ff84ffe101110084fe4dfdb8ffc4ff35fdf5ffe5009200c1000afdd0fc59fd9ffd3bfe14fcedfdb0fddefd0efe78fc0cfc50fcfcfdf8fe2afdc0fdecfee0ff33fe9cfdf3fc53fe16ff65ff3efff2fd0ffeddfdfffd6afe45
0	    1	    1	    1	fde4ff7cff7201f7ffd40071ff6b031fff4d00efff9b014100a4ffa2ffc800ac00b2ff13ff8bfe46ff44ffcf00cf0058fe00fd95ff1ffe9dfd17ff6e006b00c1ff32fd3cfbeafd67fc7cfd6ffc65fd61fd8dfc73fe47fb5ffb9efca6fdcafd70fd48fda9fecbfed2fe5cfde1fc11fdeaff18ff1bff4dfc77fdfffd88fd43fe45
0	    1	    1	    1	fe05005400060266000c0130001003a7ff9c01400036017201510054001e00da016cff8bffcefe5bffa5000f00e1009afe2cfde2ff42ff42fdaf004c00e200e8ff53fe14fc7efdd6fcb4fe2efd0afde9fddcfcc4fee2fb90fc4bfd58fe20fd9efe02fe21ff0efee7febdfe21fc23fe2cff44ff68ff70fd1cfe97fe66fdbafe6c
0	    1	    1	    1	fe050033ff2e01d2ff9d00f8ff510302ff1400f1ffe500d70120ffa7ff6c0084013efed1ff56fe18ff90ffae00a10088fdeafdb6fef5ff1ffd0affb400040071ff53fdf3fba6fd42fc45fdf6fc4bfd44fd54fc75fe91faf5fc1afcabfd6efd48fdd4fd67fe96fea4fea8fdc0fbe3fe1aff02ff3cff23fcf9fdf2fdcefcdcfdf5
0	    1	    1	    1	fdfeff7afe690106ff4a0088fe6202cdfe3f0089ff55003400a9ff6fff38004e00f2fe7eff3cfe07ff17ff27ffd60003fdb1fcd6feabfe92fc79ff14ff120071ff5afeacfc6bfe0efc98fe66fd3afd79fe29fcddff21fb98fc91fce3fda2fd7efe20fdbafeb0feb5ff21fe47fcaefe9fff3b001cff6dfd86fe83fe6efdcefdf5
0	    1	    1	    1	fd20ff73fdb00041fe7e0035fdf201defe0affb4feedffa40006fef8ff00001a00bcfe32fee9fdedff06feaeff4fff38fd2cfc9dfdcbfe48fbecfe83fe72ff7ffe7cfea5fbb2fd49fbccfe13fccafc8afdf4fc08feb9fb08fbeefc6cfd6afd4afdeafd6efe5dfe9bff10fdcefc27fdd4feb6ffe3fe8dfd3cfdf6fdddfd2efd03
0	    1	    1	    1	fd20fe95fda9ff88fdb9ff69fd9f016efd1bff7ffe18ff3cff76fe55fe89ffe20088fdfcfe9dfd9afeecfe9dfed6feb1fc61fc18fd92fd68fba2fdf6fde1fedffe7cfdc7fbabfc90fb07fd47fc77fc1afd05fbd3fde4faa0fb5efbc9fcf3fd12fdb6fd38fe11fe48fef6fdbdfbaefd4dfdebff5efe54fc5cfdacfd50fc9dfc63
0	    1	    1	    1	fc52fe17fcbeff4bfd66fe95fd80007afd0cfeaafd39febffeabfddafe4cff86ffa2fdd1fe82fd41fe9bfe52fe37fe58fc40fc00fd17fca8fb2dfd4bfddffedffdaefd49fac0fc53fab4fc73fc58fb26fcf6fafefd05fa23fa93fb4efcb6fcb6fcd0fd0dfdf6fdeffea5fd72fb0ffcf4fdcaff46fdd9fb9cfd37fca5fc9bfc63
0	    1	    1	    1	fc9ffee5fd3c0036fda3fee8fe540099fe00feb9fe0eff9eff28fea5fec7ffc3fffefeb7feadfd5cfef4fea3fe82fef7fc99fc21fd2ffd23fbedfdc0fe8afee1fdfbfe17fb3efd3efaf1fcc6fd2cfb45fdeafb0dfddafb02fb10fc19fd31fcf3fd2cfdf3fe21fe0afefefdc3fb5afd93fe23ff67fdf1fc17fdf7fd1afd46fc65
0	    1	    1	    1	fc9ffe98fc6effb8fcb8feabfe01ffc5fde1fdc5fdfffec9fe49fe28fdfcff48ffc1fe5bfdc7fd31fed9fe4afe31feacfbfafbc8fd0efd0bfb72fd00fe15fe36fdfbfe64fc0cfdbcfbdcfd03fd7ffc19fe09fc01fde9fbd7fbeffc96fdfcfd6efd69fe4fff07fe35ff19fe1cfbabfddefec2ffc0fe12fc2ffe72fddafdbbfd10
0	    1	    1	    1	fc67fdc9fbd2ff92fc29fdc3fd16ffb3fd6efd2ffd7efe4ffd4ffd65fd13fe4dfed0fe3efd90fc9cfdeafdf2fe2efe2bfbb3fae9fc90fc1ffa88fc66fde2fe36fe33ff33fca8fde2fc6bfdebfe6afc2bfe7cfc97fe6afc51fce9fd59fee5fe69fe5afe6cff3efeca0008fe74fbaefe5fff09009ffe90fd1bff5cfe74fdeefd10
0	    1	    1	    1	fc97fe01fca1002efc4ffe52fdfe009efd80fda2fe14fed0fdc9fe5ffdd6ff36ffcbff2ffdadfcd3fe7ffee1fe86fe2efc34fb30fd6ffc9dfb74fd50fe7cfe69fe03fefbfbd9fd46fc45fd5cfd82fb40fe6afc24fdd4fbd0fc6ffc5ffe22fd80fd5ffd7bff21fe93ff73fd85fb56fe5cfe880058fdb1fc9dfe70fd8afd54fcdd
0	    1	    1	    1	fc97fdd1fc69ff5ffbb3fe2cfd6fffb6fc95fd90fda1fe3afd48fde5fcdcfe73fee2fe34fcbcfcb6fe48fe4cfd97fdd6fc31faaffd28fbbefaf6fc64fd92fdcffe03ff2bfc11fe15fce1fd82fe11fc28ff55fc36fe47fc66fcf0fcd9ff1cfe43fe48fe760012feb0ffaafe1afc45feb4fe8b00d9fdf8fd7cfeeefe76fe3efd77
0	    1	    1	    1	fcdffe60fd1f001afc2efefafd7d0086fc9cfe36fe9efe8afe2cfe18fd69fefbff54fe6cfd94fd19fee8ff39fe6bfe1cfc8bfb98fe01fbfbfbf1fce4fe33fdcffdbbfe9cfb5bfd5afc66fcb4fe03fb58ff4efb90fd4afc16fc0cfca6fe8ffdbbfdd6fe3eff3afe4dff0afd2dfb71fe6efe31fff0fd1ffd3ffdf3fdf6fd9dfd77
0	    1	    1	    1	fcf2fea8fdae00d0fce9ff75fe4b0094fd6cfe3dff44ff87fe7cfefcfd9cff88ffdcfedefdccfdf1ff4bffd9ff58fef0fcd1fbf2feeafcd4fc2efddffeb3fe70fda8fe54faccfca4fbabfc39fd35fb4afe7efb89fca4fb19fbbcfbc2fe5cfd2efd4efdccff02fd75fea7fc8dfa84fd9afdebff96fc36fc66fdb6fcfbfd1dfcd6
0	    1	    1	    1	fcf2fe95fd660041fc33febafdd0ffc6fd5efd6dff3dfee1fd7ffeacfcb8ff55ff4ffe56fd5afdb9fe73ff76feb8fe03fbfdfbacfe90fbebfb55fda2fdb8fdf0fda8fe41fa84fc15faf5fb7efcbafa7cfe70fab9fc9dfa73fabffb72fd78fcfbfcc1fd44fe90fd3dfdcffc2af9e4fcadfd17ff50fbdcfb7dfcddfcbefc22fc56
0	    1	    1	    1	fc9efe56fd4d0040fba1fe10fcdfffb7fcbdfc71ff20fea8fd73fea3fbf7fed1fec8fdd1fceffdb3fe21fe83fe66fde4fb77fb97fe18fb8efad7fd44fda1fdf0fd54fe02fa6bfc14fa63fad4fbc9fa6dfdcff9bdfc80fa3afab3fb69fcb7fc77fc3afcbffe25fd37fd7dfb37f992fc8efc91ff3bfb64fb20fc5ffc60fc0bfc56
0	    1	    1	    1	fd71feaafd8c0059fba2fea2fd8900a8fcccfd12001cfec5fdacfeaffc00ff92ff4cfe58fd74fe1efe27fed5ff59fe36fb96fc1dfe2dfc06fb34fdc2fdfffe07fe27fe56faaafc2dfa64fb66fc73fb5efddefa5efd7cfa57faecfb75fcc0fd38fcbefd46feaafda2fd83fb89fa85fce0fcb0ffc1fb79fb98fcbcfcdefc69fc6d
1	    1	    1	    1	fd71fdd7fd38001afb89fea1fcf7fffefbdbfd03ff7bfdc9fd8ffe76fbf4ff89fe8bfdd4fcedfd99fdbcfecfff07fd43fb44fbfefda7fbf1fabcfd65fd81fda9fe27ff29fafefc6cfa7dfb67fd05fc08fecffa6dfe1dfb53fb09fbaefcccfd41fd7ffdcaff31fe27fdeefb8ffad7fdd3fd02ffe0fbfffbadfd34fd3bfce7fccb
0	    1	    1	    1	fe73fd64fdc0fc8bfbfefca0f911fcf2f924fc74fbd0fc79faacfbc5fa6cfcdcfb78fb7efd9cff66fce9ff31fd41fc14feccfd5b02d5fbe4fdd6fce4fb11fdbfffb1fcf6feecfd53ff3cfd52fce7fcbe002afdb0014efe8bff9afe77fcaa019efdfcfcfafeb80168fc5fff9ffeabfef4fd0a01e3fefdfd20fe8cfe2e0075fdfb
1	    1	    1	    1	fe73fe37fe14fccafc17fca1f9a3fd9cfa15fc83fc71fd75fac9fbfefa78fce5fc39fc02fe23ffebfd54ff37fd93fd07ff1efd7a035bfbf9fe4efd41fb8ffe1dffb1fdc9ff40fd92ff55fd53fd79fd68011bfdbf01efff87ffb7feb0fcb601a7febdfd7eff3f01edfccaffa5fefdffe7fd5c0202ff83fd35ff04fe8b00f3fe59
0	    1	    1	    1	00d1fe00fefcff09fdacff76fca7fc8cfeb2f9cafecefdd5fd26fe73fedefe90ff9200f2fef0024afdb1007d01f3fde20038ff2901730312ffd8fd02ff21001500d90172015600ad003201ae01bbfeec0124019202f8ff27fff801c901d8010e008a02e20482fe8801c503e3021501800056058b01a102b80294ffae018f004f
1	    1	    1	    1	00d1fd2dfea8fecafd93ff75fc15fbe2fdc1f9bbfe2dfcd9fd09fe3afed2fe87fed1006efe6901c5fd46007701a1fcefffe6ff0a00ed02fdff60fca5fea3ffb700d9009f0102006e001901ad0129fe42003301830257fe2bffdb019001cc0105ffc9025e03fbfe03015a03dd01c3008d0004056c011b02a3021cff510111fff1
0	    1	    1	    1	fe6b02f80326014900fe0130005fffa2ff22fe2a01e0027500c203b502b4ff480118fe00fdde0184019700f1ffabff64022e000fff97fffa025e02720205ff1dfd3dfe04f740faabfa56fddefc45f704fd84fb32fc68fb59fab4fc87fcfafc5afa42fcf0fa74fc94fcd5f9a3fa59fb7afd70fd51f9fbff1afa3cf862f9bbffef
1	    1	    1	    1	fe6b03cb037a01880117013100f1004c0013fe390281037100df03ee02c0ff5101d9fe84fe650209020200f7fffd00570280002e001d000f02d602cf0283ff7bfd3dfd31f6ecfa6cfa3dfdddfbb3f65afc93fb23fbc7fa5dfa97fc4efceefc51f981fc6cf9edfc0ffc6af99dfa07fa87fd1efd32f975ff05f9c4f805f93dff91
0	    1	    1	    1	fde3008e00fa026f01960102ff930226ff6c03f2fe8a037f0232017b027801980124013a022e00e001d1043d001b031200ac014501050018018c0340026f041b00df035401aa057b03b201d8042504d003da0466017006370532030d03be04740260027e0276035003e1022302e7036401fe03410275017202a605a8027903d7
1	    1	    1	    1	fde30161014e02ae01af0103002502d0005d0401ff2b047b024f01b4028401a101e501be02b50165023c0443006d040500fe0164018b002d0204039d02ed047900df042701fe05ba03cb01d904b7057a04cb047502110733054f034603ca047d0321030202fd03d5044c0229033904570250036002fb0187031e060502f70435
0	    1	    1	    1	fd4d0006fe0cfbc7fe04fbd4fd6ffdd6fbb6fc80fc2af935fc10fc4bfda6fc8afe6cfbf2ffdcfb74ff91fd2bfc4bfd74ff10fec7fd6dfdf6fd3afc620079fced00a7fe3e038a024d020e00d000cd020400c602d60008040305ae0125032c02e800bc0112020400d201c502ab035b0188ff2003a702c3007c03ee021202250317
1	    1	    1	    1	fd4d00d9fe60fc06fe1dfbd5fe01fe80fca7fc8ffccbfa31fc2dfc84fdb2fc93ff2dfc760063fbf9fffcfd31fc9dfe67ff62fee6fdf3fe0bfdb2fcbf00f7fd4b00a7ff1103de028c022700d1015f02ae01b702e500a904ff05cb015e033802f1017d0196028b0157023002b103ad027bff7203c6034900910466026f02a30375
0	    1	    1	    1	fea7ff92fe28fee1fbc0fe68fde100c8fbf0fce8ff8cfd05fe16fe8ffdceff1eff00fd96fc72fa2cfdd3fd67fd6ffb64fa28fc9dfb0bfc64fcfcff1afd6bfd23ff05fea0010afe75ff4cfe80fdedfd12fd32fee4fec4fc79ff92fef3fbccfe300130fe72fc54fe620083012dfc45ffa6fec4fc5b00a7fe74fe24fe36fe7bfc8d
1	    1	    1	    1	fea7febffdd4fea2fba7fe67fd4f001efafffcd9feebfc09fdf9fe56fdc2ff15fe3ffd12fbebf9a7fd68fd61fd1dfa71f9d6fc7efa85fc4ffc84febdfcedfcc5ff05fdcd00b6fe36ff33fe7ffd5bfc68fc41fed5fe23fb7dff75febafbc0fe27006ffdeefbcdfddd00180127fbf3feb3fe72fc3c0021fe5ffdacfdd9fdfdfc2f
0	    1	    1	    1	0239fdda02d001e7044a0038024505ba00340324fffa01ef03a601fb03560538040802b803e804ae026302ed02e7051803b8009506cb014c033c03c005250161ff9ffbb6fc94fbf5fd12fcb8fa5dfc50fb06fbeefceaf895fe04fb99f9eafc7cfabafa86fb08fcc2fa67fa7bfc5bfbaafcc2fb65fb49fc78fa00f982fabbfb2d
1	    1	    1	    1	0239fead032402260463003902d7066401250333009b02eb03c302340362054104c9033c046f053302ce02f30339060b040a00b40751016103b4041d05a301bfff9ffc89fce8fc34fd2bfcb9faeffcfafbf7fbfdfd8bf991fe21fbd2f9f6fc85fb7bfb0afb8ffd47fad2fa81fcadfc9dfd14fb84fbcffc8dfa78f9dffb39fb8b
0	    1	    1	    1	fbcbfd12fe10f9dffd5afaa0fd53f988fcbefdc0faa2fb57f9aafcddfbeaf8f8faf2ff18fe26fc20fcf7fe77f8b1fa86feb2fc29fc8dfb0cfbe4f9b4fd4ffda90045fdba00100035fd92fea400b300720090fd6c0078ff0ffae2fef30064fee8fdd400ac029aff4afd570219fe6dfddcfd00005bffadfba601feffb6feafffdb
1	    1	    1	    1	fbcbfde5fe64fa1efd73faa1fde5fa32fdaffdcffb43fc53f9c7fd16fbf6f901fbb3ff9cfeadfca5fd62fe7df903fb79ff04fc48fd13fb21fc5cfa11fdcdfe070045fce7ffbcfff6fd79fea30021ffc8ff9ffd5dffd7fe13fac5feba0058fedffd1300280213fec5fcec0213fe1bfce9fcae003cff27fb910186ff59fe31ff7d
0	    1	    1	    1	02af03d403780559024c064a03f30320020c05fa04e00449063a03310378021eff4e0282022c00f201970365034b039c0240051f000d01e0056602f8036d038ffad3f8f4f7f0f981f6eef782f677f53cf9d6f59cf8b0f6cdf778f8a1f812f766f7b0f9e0f754f9cef9f9f7f9f689f818f75efa4df5cbf7fef610f6dcf6c7fb6b
1	    1	    1	    1	02af04a703cc05980265064b048503ca02fd0609058105450657036a03840227000f030602b301770202036b039d048f0292053e009301f505de035503eb03edfad3f821f79cf942f6d5f781f5e5f492f8e5f58df80ff5d1f75bf868f806f75df6eff95cf6cdf949f98ef7f3f637f725f70cfa2ef545f7e9f598f67ff649fb0d
0	    1	    1	    1	049f0490015803f304fc050004570472032e01a403640271037a045b03b804c2059a034602bc023201ad0051022d057203bc029f027306b6038c0348041b02970057fdfefe46fdcdff32fdcafec5fd84fdd0fe0afa12fbadfbc6facffd6efbb6fd30fc4efdbefd6efe0dfb1ffe59fd78fe46fd27fe33fd0afbdefde0f9dbfe87
1	    1	    1	    1	049f056301ac04320515050104e9051c041f01b30405036d0397049403c404cb065b03ca034302b702180057027f0665040e02be02f906cb040403a5049902f50057fed1fe9afe0cff4bfdcbff57fe2efec1fe19fab3fca9fbe3fb08fd7afbbffdf1fcd2fe45fdf3fe78fb25feabfe6bfe98fd46feb9fd1ffc56fe3dfa59fee5
0	    1	    1	    1	fe1f0090febc032dfdbcff5efe9f00da0106feca0036012301f2ffe1006afe4afd72ffb0008aff46ffa1feddff7b0216ff3efe55fcc5fe36ff1afe9c01e5013d028100ca008a00a301d60218ffad0224ff54036efd8e00f303b0003dff9200c601c40102020403f4047dfd01009b057802a400a502a7030802b8ff60fe8b0397
1	    1	    1	    1	fe1f0163ff10036cfdd5ff5fff31018401f7fed900d7021f020f001a0076fe53fe3300340111ffcb000cfee3ffcd0309ff90fe74fd4bfe4bff92fef90263019b0281019d00de00e201ef0219003f02ce0045037dfe2f01ef03cd0076ff9e00cf02850186028b047904e8fd0700ed066b02f600c4032d031d0330ffbdff0903f5
0	    1	    1	    1	03b7ff0c00d2fe73fdbefd80ff5bfe08ffecfc98004e01b3faeafee7fc7cfee4fe66fbbafaec00eafc17ff81fe93fe68fceafd3101e9fb98ff0a00b8fe33fb21ffbbfb78fd36fa1ffb0afc14fbddfcfcfb06fafefbb8fb95f7eef9bbfc70fc86fc5efa24fba4fc80f955fcfbfb93f71ef96afad9fd73f9a4fc26fb6af991fd37
1	    1	    1	    1	03b7fe39007efe34fda5fd7ffec9fd5efefbfc89ffad00b7facdfeaefc70fedbfda5fb36fa650065fbacff7bfe41fd75fc98fd120163fb83fe92005bfdb5fac3ffbbfaa5fce2f9e0faf1fc13fb4bfc52fa15faeffb17fa99f7d1f982fc64fc7dfb9df9a0fb1dfbfbf8eafcf5fb41f62bf918fabafcedf98ffbaefb0df913fcd9
0	    1	    1	    1	04150188057a02ad024c0470062d04c801f2023003ea052d01d20541031c057a031c0386050804ea006502a9031501e00032028d055902920630038aff9102a9fef1019c0386ff9701b6032a0549001c001c03ae00ba008b00f0029701ae000a019003ac043001a2040105050185021402ec03e302b10504044a01680153019b
1	    1	    1	    1	0415025b05ce02ec0265047106bf057202e3023f048b062901ef057a0328058303dd040a058f056f00d002af036702d3008402ac05df02a706a803e7000f0307fef1026f03daffd601cf032b05db00c6010d03bd015b0187010d02d001ba00130251043004b70227046c050b01d70307033e04020337051904c201c501d101f9
0	    1	    1	    1	fe7f0120ff74017500d80010034b009e0212fff00218ff6fff84fe73ffee00c4ffa4013202e0fe9401eb0331013bfee6fe8e01d1fe81fef001ee00880043fd95fcf1ff8afc28fbc1fe56fcbeffeff92afedafc92f9f6fcd5fbeafde9fe2cfc7afd20fc2cfb02fe60ff23fbaffae1fd9afe0efb35fb19fc64fb18fb78fb93fbb5
1	    1	    1	    1	fe7f004dff20013600bf000f02b9fff40121ffe10177fe73ff67fe3affe200bbfee300ae0259fe0f0180032b00e9fdf3fe3c01b2fdfbfedb0176002bffc5fd37fcf1005dfc7cfc00fe6ffcbf0081f9d4ffcbfca1fa97fdd1fc07fe22fe38fc83fde1fcb0fb89fee5ff8efbb5fb33fe8dfe60fb54fb9ffc79fb90fbd5fc11fc13
0	    1	    1	    1	0285001a05680263032c000602bf05cc001002d201a603b700740243ff7802b802e801c802ce03160115032502fb03b40152ff6f0407ff2802760474017bffe3fdf1ff5803b60219ff4eff4e00d10208fe880096fed002a9ffa801c102c6fee6fe1e019201c800da00f7028b023fffe000620279fdd5ff340312024e016701d7
1	    1	    1	    1	0285ff470514022403130005022d0522ff1f02c3010502bb0057020aff6c02af022701440247029100aa031f02a902c10100ff500381ff1301fe041700fdff85fdf1002b040a0258ff67ff4f016302b2ff7900a5ff7103a5ffc501fa02d2feeffedf0216024f015f01620291029100d300b40298fe5bff49038a02ab01e50235
0	    1	    1	    1	0000000000000000000000000000000000000000000000000000000000000000000000000000000000000000000000000000000000000000000000000000000000000000000000000000000000000000000000000000000000000000000000000000000000000000000000000000000000000000000000000000000000000000
0	    1	    1	    1	ff4dffa0ff69ffacffecffabfffbff4dffb0fffdff32ff9cffe4fff8fff5ff74ff28ffcbff4bff31ffcbff21ff54ff60ff8cffd3ff38ffaaff26ffb7ff530000ff4dffa0ff69ffacffecffabfffbff4dffb0fffdff32ff9cffe4fff8fff5ff74ff28ffcbff4bff31ffcbff21ff54ff60ff8cffd3ff38ffaaff26ffb7ff530000
0	    1	    1	    1	ff760053ffc900430040ffbf0050ff520063004dff35006a00480014fffdff7fffb400a3ff80ffe6009aff560033000c002c0047ff650072ff7c0091ff9c00adff24feedff09ff15ff98ff97ffa6ff48fefdffadff2ffeceff80ffdcffedff69fe9cfef3ff16fe7cfefcfeecfe75feb4feecff5fff0bfee2fed0feddff0aff53
0	    1	    1	    1	ff76007c007c00a300d700130064ffa700680100ff85006d011600780019ff87ffbf012f0058001b014f0025006800eb00d800e7ffd9009f004400e7007600f6ff24fec4fe56feb5ff01ff43ff92fef3fef8fefafedffecbfeb2ff78ffd1ff61fe91fe67fe3efe47fe47fe1dfe40fdd5fe40febffe97feb5fe08fe87fe30ff0a
0	    1	    1	    1	ff9e00a50156015701cc00a2012b008f010c01cfffdf00b7017300db00a6ff9cffcc01be0114006b015b0091008e01940197018c006c011d007e0167017200f6fefcfe9bfd7cfe01fe0cfeb4fecbfe0bfe54fe2bfe85fe81fe55ff15ff44ff4cfe84fdd8fd82fdf7fe3bfdb1fe1afd2cfd81fe1afe04fe37fdcefe07fd34ff0a
0	    1	    1	    1	ff56007d012d007d0118ffad009cffc80024012bff10005d0129007e0043ff0fffb701b10085ffaf010b00850022016e00ee00cdffc7008a0000012d00f2fffaff44fec3fda5fedbfec0ffa9ff5afed2ff3cfecfff54fedbfe9fff72ffa7ffd9fe99fde5fe11feb3fe8bfdbdfe86fd52fe2afed9fea9fecafe4cfe41fdb40006
0	    1	    1	    1	ff56003501050054003efef9ffa7ff39ff5d0043fe6cff8e00cf0034ffe6feacff2a019c0078ff20004f00350016010200c80024ff08ffe5ff6d00af00b8ff7aff44ff0bfdcdff04ff9a005d004fff610003ffb7fff8ffaafef9ffbc0004003cff26fdfafe1eff42ff47fe0dfe92fdbefe50ff82ff68ff6ffedffebffdee0086
0	    1	    1	    1	ffdf00fd01aa010400e1ff2b0002ff9b002a00f6ff05001a00d7006f009efeef001e022300c1ffa000ec005000dc019000d900c10001006fffe8011600cdff7affcdffd3fe72ffb4003d008f00aaffc300d0006a00910036ff01fff700bc007f001afe81fe67ffc2ffe4fe28ff58fe4cfe61001f0061fff9ff5aff26fe030086
0	    1	    1	    1	ff0b007400e2005f0031fe88ffd0ff40ffc80029fe52ff81004b00670063fe37ffdb012f003aff57006cffb300c100ca004b00b0ff64ff76ff5e009b0066ff65fef9ff4afdaaff0fff8dffec0078ff68006eff9dffdeff9dfe75ffef0081ffc7ffd7fd8dfde0ff79ff64fd8bff3dfd86fdd3000effc4ff00fed0feabfd9c0071
0	    1	    1	    1	ff0bffa00059ff97ff8cfdd8ff2dff0eff6dffc7fd85feceffb2ffdb005bfdfcff2300ecff46fed00023ff33002400afff850022ff53fed9fe650011ffebfefefef9001efe33ffd70032009c011bff9a00c9ffff00ab0050ff0e007b00890002008ffdd0fed40000ffadfe0bffdafda1fe99009cffd5ff9dffc9ff35fe1700d8
0	    1	    1	    1	ff16005100c7002dffd7fe71ff6e0001ffb1009cfe3cffb70071004800aefe6effa8010d0029feec00b9001400ed014aff8f00aaffb0ff38fefe010bfffbfefefeeeff6dfdc5ff41ffe7000300dafea70085ff2afff4ff67fe4f000e0036ff90000afdaffdf1ffe4ff17fd2aff11fd06fe8f0014ff78ff3eff30fe3bfe0700d8
0	    1	    3	    1	fff8005c0178009b006dfebc0007004200a400e0ff11006e015a0107011bfec1001a0192004affcf00d500aa01ce0213002a00b40038ff95ff5d01a400f5ff0effd0ff78fe76ffaf007d004e0173fee80178ff6e00c9001eff3800cd00a3ffe3007cfe34fe1200c7ff33fdc0fff2fdcfff2a001e0000ff9bff8ffed4ff0100e8
0	    1	    3	    1	fff8013e0183014c00dbff52005200db00e501d3ff550143021101f001daff2e006d020400cffff001b800c6026402f400f3014f0042001dffba0203018e0008ffd0fe96fe6bfefe000fffb80128fe4f0137fe7b0085ff49fe81ffe4ffe4ff760029fdc2fd8d00a6fe50fda4ff5cfceefe61ff83fff6ff13ff32fe75fe68ffee
0	    1	    3	    1	ffab00b2012c014a00bffe8d0024005b00690169fefa00e10154015200f1fe70004501be00c3ffb4017800b901a7029800bd00dcff55ff8cff24020301570008001dff22fec2ff00002b007d0156fecf01b3fee500e0ffabff3e008200cd00340051fe08fd9900e2fe90fdb10019fd4afe97fff600e3ffa4ffc8fe75fe9fffee
0	    1	    3	    1	fee0006500a000f300bdfe71ff5f002dffe900edfe90008600f200950053fd87ff870196007dffa8013c0079019a01db006100a6fee2fe9ffe93016d0157ffd100e8ff6fff4eff57002d0099021bfefd0233ff61014a0006ffa0013f016b011d010ffe30fddf00eefeccfdf10026fe07fef3002c015600910059ff0bfe9f0025
0	    1	    3	    1	fee0ff9a005300670066fe6fff43ff68ffbb006dfe14001c00970033ff96fce9fe9e00d80055ff620130003d015a01ceffa4004afeacfe2cfda600dc00c1ffd100e8fea4ff01fecbffd6009701fffe380205fee100ceff9cff4500dd00ae007f0026fd72fdb700a8fec0fdb5ffe6fdfafe36ffd00120001eff6cfe7afe090025
0	    1	    3	    1	ff100064011a009c00e4feadff4e001fffe400fbfefa011000f000b4008bfd1afea6010500b2ffde018a012a0180025cffc4011cff19fe7dfe3c00ea015cffd100b8fddafe3afe96ff58005901f4fd8101dcfe53ffe8fea8feec005cffb9004e001efd45fd5a002cfe66fcc8ffc0fd6cfe16fefe00b3ffcdfed6fe6cfd6e0025
0	    1	    3	    1	fe6500340050ffd500affe2fff100014ff2d00d2fe6c002afffc005b000afc25fe7500fd0085ff81010e00d000930236ff3600fcfe47fe10fdeb0054014eff36000dfdaafd70fdcfff23ffdb01b6fd760125fe2aff5afdc2fdf80003ff38ff59ffedfd3dfd2dffcffdeafc6efed3fd46fd88fedeffe1ff60fe85fdd6fd60ff8a
0	    1	    3	    1	fe6500df0080009f0176fe64ff8e0052ff380189fe9500b800e2014f0063fca6ff6a012e008dffae016b014c00ed0323ff5c018afe67fee2fe5800a501e4ff44000dfcfffd40fd05fe5cffa60138fd38011afd73ff31fd34fd12ff0ffedffed8fef8fd0cfd25ffa2fd8dfbf2fe79fc59fd62fe50ffc1fe8efe18fd85fccaff7c
0	    1	    3	    1	fd970061ff9500620123fd90ff6fff5eff2900b4fdb6003b001700d40026fc4afe8401030072ff55011a0101004e02caff3b0172fdecfe22fde3fffa01e2ff44ff3ffc81fc55fcc8fe09fed20119fc44010bfc9efe52fcb7fc47fe94fea2fe7cfe12fce1fd0aff49fd3cfba7fddafc00fd41fe38ff46fdcefda3fcdafcc8ff7c
0	    1	    3	    1	fde4012f0013014d0160fde30043ff7d001d00c3fe8b011a0094019f00a1fc87fee001e9009dff700173015200990369ff940193fe04fe9dfea3006f028dff46ff8cfd4ffcd3fdb3fe46ff2501edfc6301fffcadff27fd96fcc4ff5fff1dfeb9fe6efdc7fd35ff64fd95fbf8fe25fc9ffd9afe59ff5efe49fe63fd4ffd73ff7e
0	    1	    3	    1	fde400e2ff4500cf0075fda6fff0fea9fffeffcffe7c0045ffb50122ffd6fc0cfea3018dffb7ff45015800f90048031efef5013afde3fe85fe28ffaf0218fe9bff8cfd02fc05fd35fd5bfee8019afb8f01e0fbb9ff18fcc1fbe5fee2fe52fe3efe31fd6bfc4fff39fd7afb9ffdd4fc54fcfbfe00ff3dfe31fde8fc8ffcfefed3
0	    1	    3	    1	fd690073ff0600b6004dfce8ff59fdd6ff14ffcafdddffd2ff5500a0ff6efc03fe64012aff9dff4500d9009effe802dafeb7011afceefde8fd58fef501e8fe9b0007fd71fc44fd4efd83ffa60231fc6202cafbbeffb7fd34fc45ff64febafe47fe70fdcefc69ff39fdf9fbfafe34fc98fd39fe200032fecefeb8fd49fd2efed3
0	    1	    3	    1	fd55fff8fe9700770034fcc0fe9bfd3ffe41fee0fdd8ff33fee20040feecfb9bfe5b00ebff3aff2b00d9001fff8d027afe7300dcfccefcf3fcbbfe25012efe6bfff3fcf6fbd5fd0ffd6aff7e0173fbcb01f7fad4ffb2fc95fbd2ff04fe38fddffe67fd8ffc06ff1ffdf9fb7bfdd9fc38fcf5fde20012fdd9fe1bfc79fc74fea3
0	    1	    3	    1	fd55ffe4fe1c0008fff5fca7fe73fc81fdaafe0dfceeff2efe43ffcdfe8cfb19fdf300e2fefbfec800bf001fff0e021ffe130098fc90fcd3fbc6fd88005efdb1fff3fce2fb5afca0fd2bff65014bfb0d0160fa01fec8fc90fb33fe91fdd8fd5dfdfffd86fbc7febcfddffb7bfd5afbddfc95fd9effd4fdb9fd26fbdcfba4fde9
0	    1	    3	    1	fc82ff3ffd2dffdbff28fc22fd7dfc3dfd01fe06fc91fe31fda2fef8fdb3fa51fddc004efebbfe230019000fff070202fd480086fbfefcb7fad2fcc3ffc3fdb1ff20fc3dfa6bfc73fc5efee00055fac900b7f9fafe6bfb93fa92fdbcfcfffc95fde8fcf2fb87fe17fd39fb6bfd53fbc0fbcafd8cff42fd9dfc32fb17fb09fde9
0	    1	    3	    1	fccf0012fdd200caff55fceffe02fd33fd45feaffc98fe8efe9fff99fe88fb2afea40065ff4ffe6300be00b5ff170209fd650151fc10fd49faeefdb70088fe4cff6dfd10fb10fd62fc8bffad00dafbbf00fbfaa3fe72fbf0fb8ffe5dfdd4fd6efeb0fd09fc1bfe57fddefc11fd63fbc7fbe7fe57ff54fe2ffc4efc0bfbcefe84
0	    1	    3	    1	fccfffc5fcff0025fe66fcc2fd35fcaefc4ffe6bfbeffe87fe42fe9cfde7fa55fdcbff9dff38fdcf007e0010fe7101f9fd5e0134fb45fd37fa5cfd9bff94fd87ff6dfd5dfbe3fe07fd7affda01a7fc4401f1fae7ff1bfbf7fbecff5afe75fe43ff89fdd1fc32feebfe1efcb6fe09fbd7fbeefe74001ffe41fce0fc27fcc2ff49
0	    1	    3	    1	fc7bff86fce60024fdd4fc18fc44fc9ffbaefd6ffbd2fe4efe36fe93fd26f9d1fd44ff18fecdfdc9002cff1dfe1f01dafcd8011ffacdfcdaf9defd3dff7dfd87ffc1fd9cfbfcfe08fe0c00840298fc530292fbe3ff38fc30fbf8ff63ff36fec70010fe56fc9dfef1fe70fda9fe5bfbf6fc74fe890097fe9efd5efc85fcd9ff49
0	    1	    3	    1	fd4effdafd25003dfdd5fcaafceefd90fbbdfe10fccefe6bfe6ffe9ffd2ffa92fdc8ff9fff52fe340032ff6fff12022cfcf701a5fae2fd52fa3bfdbbffdbfd9efeeefd48fbbdfdeffe0bfff201eefb620283fb42fe3cfc13fbbfff57ff2dfe06ff8cfdcffc18fe86fe6afd57fd68fba4fc55fe030082fe26fd01fc07fc7bff32
0	    1	    3	    1	fd4eff07fcd1fffefdbcfca9fc5cfce6faccfe01fc2dfd6ffe52fe66fd23fa89fd07ff1bfecbfdafffc7ff69fec00139fca50186fa5cfd3df9c3fd5eff5dfd40feeefe1bfc11fe2efe24fff30280fc0c0374fb51feddfd0ffbdcff90ff39fe0f004dfe53fc9fff0bfed5fd5dfdbafc97fca7fe220108fe3bfd79fc64fcf9ff90
0	    1	    3	    1	fe14ff3dfd8c0003fe91fd8bfd1ffd6ffb0efee9fc8afe1eff16fee7fdb4fb6bfd92ff6fff49fe0200a7ff7cfed10165fd5b01dafb55fd40fabefe59ff7ffd40fe28fde5fb56fe29fd4fff1101bdfb830332fa69fe80fc60fb18ff0ffea8fd2dffc2fdfffc21feb8fdf5fd4afda9fc6bfbf1fdce000ffe38fc7efb69fcd7ff90
0	    1	    3	    1	ff0f0003fdc200befe96fe60fe01fe32fb97ff2bfd72fe7bffc5ffabfe35fbfcfe74fffaff9dfe8000fa005cfee40176fd870290fba9fe39fac1ff54007afd62fd2dfd1ffb20fd6efd4afe3c00dbfac002a9fa27fd98fc03fa69fe4bfe27fc9cfee0fd74fbcdfe3afda2fc6afd96fc5afbc5fd18ffbbfd3ffc7bfa6efbdcff6e
0	    1	    3	    1	ff0fff08fcfc0088fddbfe5bfd2cfd50fad4fea2fd30fd93ff68fefcfd71fb7bfde3ff18ff12fe2c007c0009fe040163fd760264faf3fde5f9c8ff51ff7ffc67fd2dfc24fa5afd38fc8ffe370006f9de01e6f99efd56fb1bfa0cfd9cfd63fc1bfe4ffc92fb42fde6fd24fc17fcb6fc47fbb4fcecff05fcebfb82fa6bfae1fe73
0	    1	    3	    1	fe2cfe4bfc58ffb2fd46fdc1fcd7fd41faaafe8cfca6fd51fefafebffce1fadefd47fe8efe5efdeaffb9ffaefd47011dfce10249fa6afdcef8fcfec8ff39fc67fc4afb67f9b6fc62fbfafd9dffb1f9cf01bcf988fcccfad9f99efd5ffcd3fb7efdb3fc08fa8efda4fc61fbbcfbf9fc01fb1ffcd1fe7cfcd4fab6f9e2fa9bfe73
0	    1	    3	    1	fef6ff2efd150056fe1cfe56fd71fd96fab9feb6fcbcfddbff3cff2dfd1efb6efde4ff2afee8fe9efffb0071fda201dafd2702defa85fe57f913ff94ffc2fcadfd14fc4afa73fd06fcd0fe32004bfa2401cbf9b2fce2fb63f9e0fdcdfd10fc0efe50fca4fb18fe58fca3fc7ffc54fcbefb65fd66fe97fd5dfacdfaaefb24feb9
1	    1	    3	    1	fef6fe64fc32ff99fd78fd80fcdcfcfcfa64fea7fc92fdc5feb2feebfcb0fb31fd54fe8dfe4cfe14ff47002ffcdf017ffc6a0298f9f0fe3cf88aff7dfef6fc24fd14fd14fb56fdc3fd74ff0800e0fabe0220f9c1fd0cfb79fa6afe0ffd7efc4bfee0fd41fbb4fee2fd57fcc1fd17fd19fc22fdacff2cfd78fb56fac5fbf0ff42
0	    1	    3	    1	fdaefbc4fbf9fb1afb48fc14fd19fdfcfbadffb6fe90fb13fab8fb25fbdafb82fe54fbb0fbdcfdf8fb9dfb6dfb76fbbcfcc3ffecfb99ff93fc3bfe86fb58fc35fe80ffb0fcdffdcefd120078fd79ff24fecdfe30ffecfdadfe52ff37fed8ff1001befde4fd66fe08ff1dfdcf006efc82fdeffe48006ffd85fe4bff8afb54fedb
1	    1	    3	    1	fdaefc8efcdcfbd7fbecfceafdaefe96fc02ffc5febafb29fb42fb67fc48fbbffee4fc4dfc78fe82fc51fbaffc39fc17fd800032fc2effaefcc4fe9dfc24fcbefe80007afdc2fe8bfdb6014efe0effbeff22fe3f0016fdc3fedcff79ff46ff4d024efe81fe02fe92ffd1fe110131fcddfeacfe8e0104fda0fed4ffa1fc20ff64
0	    1	    3	    1	021afd20ff03fe6efc1efd62fd2d00b6ff7bfe9c015afd2bfbfafb13fc16ffb4010eff70fe6e00b4fdb3fb6bffc6fe42ff5bfe2e010ffff3fe05fea2fd7a0011012a0272ffe30124008202ee022f02aeff6300b8feee002b002200f702f801c00234fece0340ffe2feb102bdfd4affd8022102de00bb023f011b02200158fe21
1	    1	    3	    1	021afc56fe20fdb1fb7afc8cfc98001cff26fe8d0130fd15fb70fad1fba8ff77007efed3fdd2002afcfffb29ff03fde7fe9efde8007affd8fd7cfe8bfcaeff88012a01a8ff000067ffde0218019a0214ff0e00a9fec40015ff9800b5028a018301a4fe3102a4ff58fdfd027bfc87ff7d016402980026022400920209008cfd98
0	    1	    3	    1	014effcc013100ce01b800c202db012e00fb0224015a00f3015e0093019c049202d400a0000c000c015501c1001cfd82fdb9ff7c01a9fee300fb017e009a00cbff30fbbcfa57fd82fb84fc2efc4ffb6efa15fb96fae0f7dbfc0cfd51fcf4fde0ff9afb64fae0fcd2faa9fd03fb86fa40fb8bfc64f9b3fd37f977fbe2fcfcfe6b
1	    1	    3	    1	014e00960214018b025c0198037001c8015002330184010901e800d5020a04cf0364013d00a800960209020300dffdddfe76ffc2023efefe0184019501660154ff30faf2f974fcc5fae0fb58fbbafad4f9c0fb87fab6f7c5fb82fd0ffc86fda3ff0afac7fa44fc48f9f5fcc1fac3f9e5facefc1ef91efd1cf8eefbcbfc30fde2
0	    1	    3	    1	fee2057200df02de025afea80341fecc02050330ffee04cd0078029d029c00b8039803e402dcfebc0323025b011e02940047007cffb7021f0223015600800163015cff32007bff9c01a802b0027d01b4036f058c0332038502f00177ffd601ba00e2007e0012010203a502db029a053801490118037903eb018b023cff00020f
1	    1	    3	    1	fee2063c01c2039b02feff7e03d6ff66025a033f001804e3010202df030a00f5042804810378ff4603d7029d01e102ef010400c2004c023a02ac016d014c01ec015cfffc015e0059024c03860312024e03c4059b035c039b037a01b9004401f70172011b00ae018c0459031d035d05930206015e040e040602140253ffcc0298
0	    1	    3	    1	fb6afcd6fc43fd28fea2fbd8ffd9fb50fe95fd68faeefd1bfa4afc5dfb66f990fe06fd6eff7efc86fc5dff67faee017afdf9fe4cfd09fed3fd4dfce8fce0fc45012001ba0133fd28ff040084ffd301b8029900ae0280031f0052ffab0084015a017c02eaff9801b000550141052c003a01b7fddc034d017b0349ff2c006c00bf
1	    1	    3	    1	fb6afda0fd26fde5ff46fcae006efbeafeeafd77fb18fd31fad4fc9ffbd4f9cdfe96fe0b001afd10fd11ffa9fbb101d5feb6fe92fd9efeeefdd6fcfffdacfcce012002840216fde5ffa8015a0068025202ee00bd02aa033500dcffed00f20197020c03870034023a0109018305ef00950274fe2203e2019603d2ff4301380148
0	    1	    3	    1	febaffe4febbfe36fc40fcf8fbebfcc6fa67fa18feb4ff87fe9afdcff95cfae6fefefdd2ff4600ccfe3d00c5fed80178fd21ff18f997fd07fc5bfe5cfebafbff00d0fff4fe630066fed6021000edfd82fcef0114fdd4fd7fff06fdcffefcfeb6fd3000ae02d8fc62013b0077fcbefe0600950036fc8dfeebfe31015afef0fbe3
1	    1	    3	    1	febaff1afdd8fd79fb9cfc22fb56fc2cfa12fa09fe8aff71fe10fd8df8eefaa9fe6efd35feaa0042fd890083fe15011dfc64fed2f902fcecfbd2fe45fdeefb7600d0ff2afd80ffa9fe32013a0058fce8fc9a0105fdaafd69fe7cfd8dfe8efe79fca00011023cfbd800870035fbfbfdabffd8fff0fbf8fed0fda80143fe24fb5a
0	    1	    3	    1	ffde021801e5006e0352017205f70124039704a8fed0029900f001bd023a0254025c03600352017e025301430304021c0223034a02d102a3009f021a01c6049bfe4cf79efce1fb08fdc2fed2fbb1fd06fafdfb8afc5cf823fc50fccdfaa6fca2f876fb64fc02fd4efce7f9e5fc30fb1cfe3bfca8fd5df93ffadbfbccfbf8ffc5
1	    1	    3	    1	ffde02e202c8012b03f60248068c01be03ec04b7fefa02af017a01ff02a8029102ec03fd03ee02080307018503c7027702e00390036602be0128023102920524fe4cf868fdc4fbc5fe66ffa8fc46fda0fb52fb99fc86f839fcdafd0ffb14fcdff906fc01fc9efdd8fd9bfa27fcf3fb77fef8fceefdf2f95afb64fbe3fcc4004e
0	    1	    3	    1	fb44fdc4fc0ffff4fc52fcdcfbfffd06facbfe62fb5afd3dfcccfc0ffd06fd02fca6fca200befae0fcddfe1bfa94fdd8ff1bfdd0f97dfe89fcddfe0efc9cfda3fc6801b0fe3f013cfe10fe28fd33ff92011ffe3000280291fe6cfd83ffb0fd08ffd4fe3800de0176ff41ff35011affcaff71013efe89ff23001dff2cfef4ff45
1	    1	    3	    1	fb44fe8efcf200b1fcf6fdb2fc94fda0fb20fe71fb84fd53fd56fc51fd74fd3ffd36fd3f015afb6afd91fe5dfb57fe33ffd8fe16fa12fea4fd66fe25fd68fe2cfc6800e6fd5c007ffd6cfd52fc9efef800cafe21fffe027bfde2fd41ff42fccbff44fd9b004200ecfe8dfef30057ff6ffeb400f8fdf4ff08ff94ff15fe28febc
0	    1	    3	    1	010604700417051a03e8030e03770292043902ea0330044104de048303960372046e022801520258028304430570ffce01e7016401bb02b3056104f003560305fa12f75cf6c3f8d8f8d6fa80f8f3f672f983f6fef806f86bf7bef731f724f802f71ef888fb50faf8f9bdfa03f79af834fad1f8f8f799f785f61ff7fef78cfb5b
1	    1	    3	    1	0106053a04fa05d7048c03e4040c032c048e02f9035a0457056804c5040403af04fe02c501ee02e2033704850633002902a401aa025002ce05ea05070422038efa12f692f5e0f81bf832f9aaf85ef5d8f92ef6eff7dcf855f734f6eff6b6f7c5f68ef7ebfab4fa6ef909f9c1f6d7f7d9fa14f8b2f704f76af596f7e7f6c0fad2
0	    1	    3	    1	0032043c0317048c0138016a041b04a2054d040801be00c301da03b90234021805e402d802aa025a014b044f036a04beff3d039402b5051d01cd02ac054e02e1fedafa7efdfdfd8eff1efe88fe61fb0c0219fa26fdc0fbe3fc7cfcedfc5afbc6f918003afcaaffdafe73fdb1fd96ff00ffebfc4000effdeffea3fbceffdafd75
1	    1	    3	    1	0032050603fa054901dc024004b0053c05a2041701e800d9026403fb02a2025506740375034602e401ff0491042d0519fffa03da034a0538025602c3061a036afedafb48fee0fe4bffc2ff5efef6fba6026efa35fdeafbf9fd06fd2ffcc8fc03f9a800d7fd460064ff27fdf3fe59ff5b00a8fc860184fe0aff2cfbe500a6fdfe
0	    1	    3	    1	fdd2fed2006b01a60134fd86ff51fdea015dff72fd66011101e2034d0204ff26fe8effbafe2cfefc0241fe91003c0088ff830090009ffeb9feebfe14002a0421fe0e0224006301a4048601380275ff02038f0494ff9a02f7018801d701c0fe8effb603e0ff7c012c01abff3d018002aa03c5014800f3048102c1fefa027e00bf
1	    1	    3	    1	fdd2ff9c014e026301d8fe5cffe6fe8401b2ff81fd900127026c038f0272ff63ff1e0057fec8ff8602f5fed300ff00e3004000d60134fed4ff74fe2b00f604aafe0e02ee01460261052a020e030aff9c03e404a3ffc4030d02120219022efecb0046047d001801b6025fff7f024303050482018e0188049c034aff11034a0148
0	    1	    3	    1	00cefefaff3dfcbcfab6ff74fd11fff2fefdfdc4fdc40111ffb0fe450094ff08fe2cfae4fcf2fea4ffb3ff75fe38fd48fbe3ffce0089016dfccb013cfaacfd87fd86fd12fb6dfb84fa3af976fad7fa0efdf9f8b2fcbafe5bf99af9d7fa0af93afdcafd4afac8fea6fd49fae1fdccfdbcfc47fa26fc1dfb63fc7bfd00fa20f9f3
1	    1	    3	    1	00cefe30fe5afbfffa12fe9efc7cff58fea8fdb5fd9a00fbff26fe030026fecbfd9cfa47fc56fe1afeffff33fd75fcedfb26ff88fff40152fc420125f9e0fcfefd86fc48fa8afac7f996f8a0fa42f974fda4f8a3fc90fe45f910f995f99cf8fdfd3afcadfa2cfe1cfc95fa9ffd09fd61fb8af9e0fb88fb48fbf2fce9f954f96a
0	    1	    3	    1	025003aa023d03d602fa03f803c705fa040f05400344029d018a02bb0526029403f203a2013c04a4000104710398025001910554014d0531ff9702ea055e0237025203ec006902980268034804ad03ca01c702f80338027dfe80009f02ce01c800fa0396048e0086ff8f042bffec0128032b02b0001104ff0317018203700159
1	    1	    3	    1	0250047403200493039e04ce045c06940464054f036e02b3021402fd059402d10482043f01d8052e00b504b3045b02ab024e059a01e2054c00200301062a02c0025204b6014c0355030c041e05420464021c030703620293ff0a00e1033c0205018a0433052a01100043046d00af018303e802f600a6051a03a00199043c01e2
0	    1	    3	    1	02a800bc0045ffde007204eefe1102e4fd01007c03d8010d00bcfe1ffc78fefe0052fe5e03de021c0309025d007002ac00ab01f400adff85008b0132ff14ff9bfbd6fc48fb1d0036fd40fe00fb01f94afb0bfda8fa1afc61fdacfaabfb24fbd2fbe4fd5efec2fb9800e3000dfcc20032fea3fe10fb9dfd97fa73fc76fbd8fdef
1	    1	    3	    1	02a8fff2ff62ff21ffce0418fd7c024afcac006d03ae00f70032fdddfc0afec1ffc2fdc1034201920255021bffad0251ffee01ae0018ff6a0002011bfe48ff12fbd6fd12fc0000f3fde4fed6fb96f9e4fb60fdb7fa44fc77fe36faedfb92fc0ffc74fdfbff5efc220197004ffd85008dff60fe56fc32fdb2fafcfc8dfca4fe78
0	    1	    3	    1	0082045003ad02fc037c035c01b7044e0013042c012a02e7026c0195023001c800c402c605160372028d05510180031a01390620009303b7004d035a048401a5fd1601680009fffe01cefe9affa501fc013bfe4c025a041fff0eff09fe580056008000b200c002600051006701f0ff2a00130000015fff9f029bfea4ffce02b5
1	    1	    3	    1	0082038602ca023f02d80286012203b4ffbe041d010002d101e2015301c2018b00340229047a02e801d9050f00bd02bf007c05dafffe039cffc4034303b8011cfd16023200ec00bb0272ff70003a02960190fe5b02840435ff98ff4bfec600930110014f015c02ea010500a902b3ff8500d0004601f4ffba0324febb009a033e
0	    1	    3	    1	0000000000000000000000000000000000000000000000000000000000000000000000000000000000000000000000000000000000000000000000000000000000000000000000000000000000000000000000000000000000000000000000000000000000000000000000000000000000000000000000000000000000000000
0	    1	    3	    1	ff77ff38ff5bff50ff5dffceffa5ff9eff33ff4dff67ff74fff8ffc5ff48ffbdff0cff79ffb7ff80ff63ffe5ff3aff72ffefff63ff07ff76ff85ff99ffeb0000ff77ff38ff5bff50ff5dffceffa5ff9eff33ff4dff67ff74fff8ffc5ff48ffbdff0cff79ffb7ff80ff63ffe5ff3aff72ffefff63ff07ff76ff85ff99ffeb0000
0	    1	    3	    1	004bffc10023fff5000d0071ffd7fff9ff95001a001a000d0084ffcdff830075ff4f006d003effc9ffe30082ff550038007dff74ffa4006f000f001400520015fea3feaffe93feabfeadff2bff73ff43fed1fe80feb4fedbff6cffbdff0dff05fec9fe85ff30ff37fee3ff48ff1ffeacff61ff52fe6afe7dfefbff1eff84ffeb
0	    1	    3	    1	004b009500ac00bd00b20121007a002bfff0007c00e700c0011d0059ff8b00b0000700b001320050002c0102fff2005301430002ffb5010c0108009e00cd007cfea3fddbfe0afde3fe08fe7bfed0ff11fe76fe1efde7fe28fed3ff31ff05fecafe11fe42fe3cfeb0fe9afec8fe82fe91fe9bfec4fe59fde0fe02fe94ff09ff84
0	    1	    3	    1	0090015d0133014c01490209012c00d2008000b501c7018501b40064ffdf010c00c300d5017d006b003201f900cd009301de00e8ffef01cd01f301050185007cfe5efd13fd83fd54fd71fd93fe1efe6afde6fde5fd07fd63fe3cff26feb1fe6efd55fe1dfdf1fe95fe94fdd1fda7fe51fe00fddefe1ffd1ffd17fe2dfe51ff84
0	    1	    3	    1	00800118006b00c500ba017200440020ffd90025018e00a500efffcdffd400b80067001901580020001701f3ffd6ffb8019e004dff0901930132001a011effc4fe6efd58fe4bfddbfe00fe2aff06ff1cfe8dfe75fd40fe43ff01ffbdfebcfec2fdb1fed9fe16fee0feaffdd7fe9eff2cfe40fe79ff05fd59fdd8ff18feb8003c
0	    1	    3	    1	008001080026fffd003300e3ffadff38ff27ff7e00fe006c000fff08ff3d00ad0013ffbd009cfffbffcc01d8ffd0fec100c3000dfe6e00ad00f8ff590033ff5dfe6efd68fe90fea3fe87feb9ff9d0004ff3fff1cfdd0fe7cffe10082ff53fecdfe05ff35fed2ff05fefafdf2fea40023ff1bfeb9ffa0fe3ffe12ffd9ffa300a3
0	    1	    3	    1	00b001d200ed003200b10121ffb8ffefff50000c01e401600068ff89003200de001bffea00f90077002602c5fff6ff4f00e300dffedb00fe018eff6700ceff5dfe3efc9efdc9fe6efe09fe7bff92ff4dff16fe8efceafd88ff880001fe5efe9cfdfdff08fe75fe89fea0fd05fe7eff95fefbfde7ff33fdeefd7cffcbff0800a3
0	    1	    5	    1	015b020201b700f900e6019ffff6fffa0007003502720246015cffe200b301d3004cfff2012600d400a2031f00e3ff75017100ffffad016b01dffffd00dcfff8fee9fccefe93ff35fe3efef9ffd0ff58ffcdfeb7fd78fe6e007c005afedfff91fe2eff10fea2fee6ff1cfd5fff6bffbbff89fe070005fe5bfdcd0061ff16013e
0	    1	    5	    1	015b02ad01e701c301ad01d400740038001200ec029b02d4024200d6010c025401410023012e010100ff039b013d00620197018dffcd023d024c004e01720006fee9fc23fe63fe6bfd77fec4ff52ff1affc2fe00fd4ffde0ff96ff66fe86ff10fd39fedffe9afeb9febffce3ff11feceff63fd79ffe5fd89fd600010fe800130
0	    1	    5	    1	00680292019c011d00bd018d003cff97fffb0012021c024b021c0067007302150141ff7800590079001d03250071ffaf010500c7ffbf021301850001009e0006ffdcfc3efeaeff11fe67ff0bff8affbbffd9fedafdcefe69ffbcffd5ff1fff4ffd39ff8aff6fff41ffa1fd59ffddff81fff5fe3ffff3fdb3fe27005dff540130
0	    1	    5	    1	0042019f018100d20017009dfff5ff5fff5afffb014201cc019300410004017c0102ff78ffaeffa4ff950243fffbfee300520035fef90205015bff3a0051ff320002fd31fec9ff5cff0dfffbffd1fff3007afef1fea8fee80045fffbff8effe8fd78ff8a001a00160029fe3b0053004d00a8fed100b9fdc1fe510124ffa10204
0	    1	    5	    1	00420179008e00b7ffccfff7ff05ff18ff22ff5a012b00f20114ffb8ffde010d0069ff39ffaefef9fec001bbff19fe6dff86ff82fe67013f014dff10ff8afee50002fd0bfdd6ff41fec2ff55fee1ffac0042fe50fe91fe0effc6ff72ff68ff79fcdfff4b001aff6bff54fdb3ff71ffd7ffdcfe1e0027fcfbfe4300fafeda01b7
0	    1	    5	    1	ff6f00d4ff9f008afeffff72fe0ffed4fe79ff5300cefff50073fee3ff0500450052fea5ff6efe54fe1a01abff12fe50febbff70fdd501230059fe4bfeeffee5ff2ffc66fce7ff14fdf5fed0fdebff68ff99fe49fe34fd11ff25fe9dfe8ffeb1fcc8feb7ffdafec6feaefda3ff6affbaff11fe0cff95fcdffd4f0035fe3f01b7
0	    1	    5	    1	ffbc01a700440179ff2c003ffe94ffcafebdfffc00d500520170ff84ffda011e011afebc0002fe94febf0251ff22fe57fed8003bfde701b50075ff3fffb4ff80ff7cfd39fd8c0003fe22ff9dfe70005effddfef2fe3bfd6e0022ff3eff64ff8afd90fece006eff06ff53fe49ff7affc1ff2efed7ffa7fd71fd6b0129ff040252
0	    1	    5	    1	ffbc015aff7100d4fe3d0012fdc7ff45fdc7ffb8002c004b0113fe87ff3900490041fdf4ffebfe00fe7f01acfe7cfe47fed1001efd1c01a3ffe3ff23fec0febbff7cfcecfcb9ff5efd33ff70fda3ffd9fee7feaefd92fd67ffc5fe41fec3feb5fcb7fe060057fe72ff13fda4fed4ffb1ff27febafedcfd5ffcd9010dfe10018d
0	    1	    5	    1	fece0143fed3005dfdb9ffa4fdc0fed0fcf8ff25ff79ff7000f4fe70fe650033ff82fddaff88fdf7fe5e00dafe18fe2efe21ff2cfcd500cfff4afe48fe4afebb006afd03fd57ffd5fdb7ffdefdaa004effb6ff41fe45fe42ffe4fe58ff97fecbfd76fe2000bafe7bff34fe76ff38ffcaffd7ffacff23fe33fd7201e8fe86018d
0	    1	    5	    1	febf0055febcffbffd42ff20fd52fec9fc83fe56fee6febd0019fe51fe4eff5fff6cfd1bff6efd94fe5500b9fd46fdcafe08fe7cfbe30088fe76fdaffd6ffe45005bfc15fd40ff37fd40ff5afd3c0047ff41fe72fdb2fd8fff09fe39ff80fdf7fd60fd6100a0fe18ff2bfe55fe66ff66ffbefefcfe31fdecfc9e014ffdab0117
0	    1	    5	    1	febf0046fdceffa8fca4fea9fccefe5bfc7cfde1fe17fe2aff66fd76fe2fff48fe98fd05feaffd7afdf200b0fd25fcf8fda4fe63fb33ff96fe2ffcdbfcd6fd6a005bfc06fc52ff20fca2fee3fcb8ffd9ff3afdfdfce3fcfcfe56fd5eff61fde0fc8cfd4bffe1fdfefec8fe4cfe45fe94ff5afee3fd81fcfafc57007bfd12003c
0	    1	    5	    1	fddcff89fd2afed2fc0ffe0ffc79fe4cfc52fdcbfd8dfde8fef8fd39fd9ffeabfdfcfc7bfdfbfd38fd2f0055fc68fcb2fd0ffe48faaaff7ffd63fc52fc90fd6a013efcc3fcf6fff6fd37ff7dfd0dffe8ff64fe13fd6dfd3efec4fd9bfff1fe7dfd28fdd50095fe40ff8bfea7ff02fedaffeffefefe0afd11fd230104fd58003c
0	    1	    5	    1	fea6006cfde7ff76fce5fea4fd13fea1fc61fdf5fda3fe72ff3afda7fddcff3bfe99fd17fe85fdecfd710118fcc3fd6ffd55feddfac50008fd7afd1efd19fdb00074fbe0fc39ff52fc61fee8fc73ff93ff55fde9fd57fcb4fe82fd2dffb4fdedfc8bfd39000bfd8cff49fde4fea7fe1dffa9fe69fdeffc88fd0c0038fccffff6
0	    1	    5	    1	fea6ffa2fd04feb9fc41fdcefc7efe07fc0cfde6fd79fe5cfeb0fd65fd6efefefe09fc7afde9fd62fcbd00d6fc00fd14fc98fe97fa30ffedfcf1fd07fc4dfd270074fcaafd1c000ffd05ffbefd08002dffaafdf8fd81fccaff0cfd6f0022fe2afd1bfdd600a7fe16fffdfe26ff6afe780066feaffe84fca3fd95004ffd9b007f
0	    1	    5	    1	fee60091fdcaff61fcdbfe37fc88fefafca7fe0dfe53ff57ff0dfd69fe60ff94fe95fcecfe99fe48fda90192fc9afd2cfd13fedcfa7e0001fd24fd9cfd27fd270034fbbbfc56ff67fc6bff55fcfeff3aff0ffdd1fca7fbcffeaffd6bff30fd94fc8ffd64fff7fd30ff11fd6afed0fe60ffebfe6afe36fc8ffd62ffbafcc1007f
0	    1	    5	    1	ffa900d1feb90027fd83fed1fcf1ff04fd9afea8fe7a00310008fdc6fe640086ff2bfd78ff0bfef8fe8f027efd56fdc6fd2bff57fac3004ffd38fdcffdbcfe01ff71fb7bfb67fea1fbc3febbfc95ff30fe1cfd36fc80faf5fdb4fd0eff2cfca2fbf9fcd8ff85fc80fe2bfc7efe14fdc6ffd3fdeffdf1fc41fd4eff87fc2cffa5
0	    1	    5	    1	ffa9000efe79ff38fcbdfe29fc57fe9bfd90fdb5fddf000aff2efccbfe070082fe39fce2fe7ffe86fddf0198fc6afd0afc91ff3ffa48000afceafdbbfd89fd6cff71fab8fb27fdb2fafdfe13fbfbfec7fe12fc43fbe5facefcdafc13fecffc9efb07fc42fef9fc0efd7bfb98fd28fd0aff39fdd7fd76fbfcfd00ff73fbf9ff10
1	    1	    5	    1	ffa9000efe79ff38fcbdfe29fc57fe9bfd90fdb5fddf000aff2efccbfe070082fe39fce2fe7ffe86fddf0198fc6afd0afc91ff3ffa48000afceafdbbfd89fd6cff71fab8fb27fdb2fafdfe13fbfbfec7fe12fc43fbe5facefcdafc13fecffc9efb07fc42fef9fc0efd7bfb98fd28fd0aff39fdd7fd76fbfcfd00ff73fbf9ff10
0	    1	    5	    1	ff69ff0cff29fc5efed90097ffe5fe8bffdcfe17ff7d00c4ffcafd5bfd250098fd37ff6aff4b007aff11ff44fce6009c0067fe4dff9200aafd1a009d00a7ffc80121fd1e00f1fcaaff3bfd81fdb5fef7fd7cfe4bfe1b009afd70ff3900c5fe22fe7dfe5eff6bff9c022bfef6fe08fe98ffefff23fd08fe54ff02fd4d004bfcde
1	    1	    5	    1	ff69ff0cff29fc5efed90097ffe5fe8bffdcfe17ff7d00c4ffcafd5bfd250098fd37ff6aff4b007aff11ff44fce6009c0067fe4dff9200aafd1a009d00a7ffc80121fd1e00f1fcaaff3bfd81fdb5fef7fd7cfe4bfe1b009afd70ff3900c5fe22fe7dfe5eff6bff9c022bfef6fe08fe98ffefff23fd08fe54ff02fd4d004bfcde
0	    1	    5	    1	007d02440391ff58021502ff02bf00db0134ffb50065023e00b6ffb1fee5008a0207022000cb02f802a1015e020e02e601cfff9902560098ff2400e3001101ba014100d2013b00cc01850147009d00a703d400150135014afe94fd2d00b5016a0121022cffcd023001c9017205c4ff960083030702a2fdca01f4ffc70221009a
1	    1	    5	    1	007d02440391ff58021502ff02bf00db0134ffb50065023e00b6ffb1fee5008a0207022000cb02f802a1015e020e02e601cfff9902560098ff2400e3001101ba014100d2013b00cc01850147009d00a703d400150135014afe94fd2d00b5016a0121022cffcd023001c9017205c4ff960083030702a2fdca01f4ffc70221009a
0	    1	    5	    1	fef9ff76fff30010ff11fd9bfe35010bfed2ff5dff3dfc90fe820113011dfeae0185ff7a00bfffaa008b000efd2eff74fc57fd65febafe7efbe2fe7fff19005afe41fab4fdb9fab8fbadfe0dfef5fa83fd7afc01fc09fd84fed2fed9fb3ffe3afc49fcaefcabfe26ff15fbe8fe7afe36fea5faa7ff70fba8fbd8fd9ff9f30128
1	    1	    5	    1	fef9ff76fff30010ff11fd9bfe35010bfed2ff5dff3dfc90fe820113011dfeae0185ff7a00bfffaa008b000efd2eff74fc57fd65febafe7efbe2fe7fff19005afe41fab4fdb9fab8fbadfe0dfef5fa83fd7afc01fc09fd84fed2fed9fb3ffe3afc49fcaefcabfe26ff15fbe8fe7afe36fea5faa7ff70fba8fbd8fd9ff9f30128
0	    1	    5	    1	fe6503a0fee301d400450045fe09ffd5ff58005d0007fdaa0188ff8700d7028a004d01520003013401b502c6ff9effc8fda5fe9d0010fd1efeb8fd7500b7013602d1054a02e9038e035f0385014d01c302ce007303b70508039200d10353033c001302aa030f02b4012701cc017c02fa045901eb038601f6046a0537029f0066
1	    1	    5	    1	fe6503a0fee301d400450045fe09ffd5ff58005d0007fdaa0188ff8700d7028a004d01520003013401b502c6ff9effc8fda5fe9d0010fd1efeb8fd7500b7013602d1054a02e9038e035f0385014d01c302ce007303b70508039200d10353033c001302aa030f02b4012701cc017c02fa045901eb038601f6046a0537029f0066
0	    1	    5	    1	fdcf00d6fcab005efe1f0051ff15ff99016efddf005dfbacfdfcfd31001dfe94009bfe50001dfde0fcf3fe9cff34fc5cff9d0091ffecfedc00d8fff1ff95ffae04fd0316023f032002e9010b009fffb3001e0239009f02b60060000f02df025e01b303a800a9026e040d00ea03d00152030300ad0224013c023e010500fbfd76
1	    1	    5	    1	fdcf00d6fcab005efe1f0051ff15ff99016efddf005dfbacfdfcfd31001dfe94009bfe50001dfde0fcf3fe9cff34fc5cff9d0091ffecfedc00d8fff1ff95ffae04fd0316023f032002e9010b009fffb3001e0239009f02b60060000f02df025e01b303a800a9026e040d00ea03d00152030300ad0224013c023e010500fbfd76
0	    1	    5	    1	ffd1ff38fe8ffcdefba5fd03fcddfd57fcd4fbe3fc0bfcf8fbeafcaffebffe48fbc9fdaafddffe28fd63fc3cfa74fb58fd1bfcc1fcaefda2fd9cfd41fb07fcaefe8f01f2fccbff48fd0bfe23fcfdfdfbfc9cfd93fd97fef6fec0fcc1fddd000afeb5fd7cfeb3fe84fd7f00a2fd78fc86fbb50073fa60fdfafe74fdddfee1fcf8
1	    1	    5	    1	ffd1ff38fe8ffcdefba5fd03fcddfd57fcd4fbe3fc0bfcf8fbeafcaffebffe48fbc9fdaafddffe28fd63fc3cfa74fb58fd1bfcc1fcaefda2fd9cfd41fb07fcaefe8f01f2fccbff48fd0bfe23fcfdfdfbfc9cfd93fd97fef6fec0fcc1fddd000afeb5fd7cfeb3fe84fd7f00a2fd78fc86fbb50073fa60fdfafe74fdddfee1fcf8
0	    1	    5	    1	016f05ba00c5065e06010435026501e90204027b03d1009003cc01b500d50358037704e004d503c203330536047c04220353018101300146034c010704ed0228fdcdfd02fd25fb10fd49fc9ffe57fe13fceafb63fd65ff4cfbfcfdc7fca1fbc2fe91fc4afd5ffc88faa7fc8efb7cfc9afdedfe1dfac0ff14fed2ffedfcd7fc48
1	    1	    5	    1	016f05ba00c5065e06010435026501e90204027b03d1009003cc01b500d50358037704e004d503c203330536047c04220353018101300146034c010704ed0228fdcdfd02fd25fb10fd49fc9ffe57fe13fceafb63fd65ff4cfbfcfdc7fca1fbc2fe91fc4afd5ffc88faa7fc8efb7cfc9afdedfe1dfac0ff14fed2ffedfcd7fc48
0	    1	    5	    1	fa8dff28fb23fceefc7bfd67fedfff71fef4ff77fe41fc98fe18fee9ff51fe80fe81fc82fb99fdd0fc49fea0fcf6fe94fc3100f5ff3eff68fd2cfcf9ff7ffe84febbfe22008f0052fe83fef7003b01dd00d40247fec1fef0fff6fff100b5008efd6101d6fe31ff9cffcdfd6000bc004cfe9f009902eefff00000febb014100a2
1	    1	    5	    1	fa8dff28fb23fceefc7bfd67fedfff71fef4ff77fe41fc98fe18fee9ff51fe80fe81fc82fb99fdd0fc49fea0fcf6fe94fc3100f5ff3eff68fd2cfcf9ff7ffe84febbfe22008f0052fe83fef7003b01dd00d40247fec1fef0fff6fff100b5008efd6101d6fe31ff9cffcdfd6000bc004cfe9f009902eefff00000febb014100a2
0	    1	    5	    1	018b00820303ffa2fef1010b001700edffae01b7018703b8023c009b021d01a8ff87009cffbbffca0163000a0058ff4a012dffb702a00106011402b700130018fb29f83cf8d9f7def65df88df8cdf9ddf96af7b7f86bf7c4f836f8f1fa29f95cf6e3fa2cf94df970f939f79cf9fcf8faf99ff8d1fac0f796fa6cf847f6a1fb64
1	    1	    5	    1	018b00820303ffa2fef1010b001700edffae01b7018703b8023c009b021d01a8ff87009cffbbffca0163000a0058ff4a012dffb702a00106011402b700130018fb29f83cf8d9f7def65df88df8cdf9ddf96af7b7f86bf7c4f836f8f1fa29f95cf6e3fa2cf94df970f939f79cf9fcf8faf99ff8d1fac0f796fa6cf847f6a1fb64
0	    1	    5	    1	032d06c2049b0496053705f703f302e9026c048105030484053602ad025f034a02f7047c0567034e0487035a04bc046a033b03f7049201e2069803c3035d038400c1fd7afd0b008afd4bff35fe39003f00f0019fffe1ffc0ff16fcbbfec1fe84fdb3ff38ff55fc68fc67fd3aff92fe56ff610195ff5401cc017c017dfe4ffe3a
1	    1	    5	    1	032d06c2049b0496053705f703f302e9026c048105030484053602ad025f034a02f7047c0567034e0487035a04bc046a033b03f7049201e2069803c3035d038400c1fd7afd0b008afd4bff35fe39003f00f0019fffe1ffc0ff16fcbbfec1fe84fdb3ff38ff55fc68fc67fd3aff92fe56ff610195ff5401cc017c017dfe4ffe3a
0	    1	    5	    1	fdedff62fdad0096fe73ff13fe11ffbb0048ff7fffedfea0001cffb5ff8b001c0095fe56fee3feeefe3700fcff00fdd8fee7fe57feacff1efe5a004dfd4900f8013f01a8007103ea01710339041b0113fff803e300cd028e0564032b0033028400b3023e010dffb80181000a0316020c03b7018301640330046602b3021b001a
1	    1	    5	    1	fdedff62fdad0096fe73ff13fe11ffbb0048ff7fffedfea0001cffb5ff8b001c0095fe56fee3feeefe3700fcff00fdd8fee7fe57feacff1efe5a004dfd4900f8013f01a8007103ea01710339041b0113fff803e300cd028e0564032b0033028400b3023e010dffb80181000a0316020c03b7018301640330046602b3021b001a
0	    1	    5	    1	01fffd90fda3fd920001fd35fd35feab028e00bb00c5ff2cfd00fe17010bffc4fbbb00dcfeadffc8feadff20fcc4ffd2fe43ffbd00d4fe54000cfe83ff8dfe76fe5bfe12fea1fd08fb41fdebfe4dfeb5febefef9fcb9fe0afea8fd95ffddff4efb25fea0fc8ffe18fe9ffb3efbf8fd4afe83fdc10094ff3cfdb4fd9dfe19fda8
1	    1	    5	    1	01fffd90fda3fd920001fd35fd35feab028e00bb00c5ff2cfd00fe17010bffc4fbbb00dcfeadffc8feadff20fcc4ffd2fe43ffbd00d4fe54000cfe83ff8dfe76fe5bfe12fea1fd08fb41fdebfe4dfeb5febefef9fcb9fe0afea8fd95ffddff4efb25fea0fc8ffe18fe9ffb3efbf8fd4afe83fdc10094ff3cfdb4fd9dfe19fda8
0	    1	    5	    1	056b02ea052705fa04bb03a505f7026904b804b100fb04c805c20423029d073a035f057a00c502b60399021c050a044801e303cb049404520448047b050d01ec01090392018104de035703d7048b01ff03fa043d011101c0043803490181033806290264006701b00143045604e0041200eb04f103860348013e03a10331035e
1	    1	    5	    1	056b02ea052705fa04bb03a505f7026904b804b100fb04c805c20423029d073a035f057a00c502b60399021c050a044801e303cb049404520448047b050d01ec01090392018104de035703d7048b01ff03fa043d011101c0043803490181033806290264006701b00143045604e0041200eb04f103860348013e03a10331035e
0	    1	    5	    1	000b008c00f70026ffe1fe87ff8b01350124fe47ff950206fee600330221fe3eff93ff3effa1002efeb9fe0cfec8ff9e009d0049ffbc004000b8013dff1ffda8fd91feb4fb1dfe22fba1fcb3fc4ffe93fc3afe6bfdfbfb8efcbefcf5fe5dfc3efe21fc78fe3ffb06fc15fd30fa40fd76fcc5fe45fb820068fe8efcc9fc09fac4
1	    1	    5	    1	000b008c00f70026ffe1fe87ff8b01350124fe47ff950206fee600330221fe3eff93ff3effa1002efeb9fe0cfec8ff9e009d0049ffbc004000b8013dff1ffda8fd91feb4fb1dfe22fba1fcb3fc4ffe93fc3afe6bfdfbfb8efcbefcf5fe5dfc3efe21fc78fe3ffb06fc15fd30fa40fd76fcc5fe45fb820068fe8efcc9fc09fac4
0	    1	    5	    1	004f0086fe4d013e01c5fe33ff87ffa10066025100c9ff9eff1effe5feb70026ff9d01eaffb3ffc8fdeb0104ff5c01d8fd8101bffea201ca016efdd10175fe44fe37fd840023fe72ff31fe21ffdf00f1ff9600b1fe3bfd0afc88ffe1ff85fc20ffdf015cfdc3feeafddbff28fedc00e8ff13ff1500e00054fdecfd51fea1ff00
1	    1	    5	    1	004f0086fe4d013e01c5fe33ff87ffa10066025100c9ff9eff1effe5feb70026ff9d01eaffb3ffc8fdeb0104ff5c01d8fd8101bffea201ca016efdd10175fe44fe37fd840023fe72ff31fe21ffdf00f1ff9600b1fe3bfd0afc88ffe1ff85fc20ffdf015cfdc3feeafddbff28fedc00e8ff13ff1500e00054fdecfd51fea1ff00
0	    1	    5	    1	0000000000000000000000000000000000000000000000000000000000000000000000000000000000000000000000000000000000000000000000000000000000000000000000000000000000000000000000000000000000000000000000000000000000000000000000000000000000000000000000000000000000000000
