    x	    x	    x	xxxxxxxxxxxxxxxxxxxxxxxxxxxxxxxxxxxxxxxxxxxxxxxxxxxxxxxxxxxxxxxxxxxxxxxxxxxxxxxxxxxxxxxxxxxxxxxxxxxxxxxxxxxxxxxxxxxxxxxxxxxxxxxxxxxxxxxxxxxxxxxxxxxxxxxxxxxxxxxxxxxxxxxxxxxxxxxxxxxxxxxxxxxxxxxxxxxxxxxxxxxxxxxxxxxxxxxxxxxxxxxxxxxxxxxxxxxxxxxxxxxxxxxxxxxxxxxxxxxxxxxxxxxxxxxxxxxxxxxxxxxxxxxxxxxxxxxxxxxxxxxxxxxxxxxxxxxxxxxxxxxxxxxxxxxxxxxxxxxxxxxxxxxxxxxxxxxxxxxxxxxxxxxxxxxxxxxxxxxxxxxx
    0	    0	    0	000000000000000000000000000000000000000000000000000000000000000000000000000000000000000000000000000000000000000000000000000000000000000000000000000000000000000000000000000000000000000000000000000000000000000000000000000000000000000000000000000000000000000000000000000000000000000000000000000000000000000000000000000000000000000000000000000000000000000000000000000000000000000000000000
    1	    1	    1	000000000000000000000000000000000000000000000000000000000000000000000000000000000000000000000000000000000000000000000000000000000000000000000000000000000000000000000000000000000000000000000000000000000000000000000000000000000000000000000000000000000000000000000000000000000000000000000000000000000000000000000000000000000000000000000000000000000000000000000000000000000000000000000000
    1	    1	    1	ffeb72ffee11ffdf85ffe921ffe16affd7a7ffdee3ffddeeffc710ffd5d3ffe291fff265ffe555ffd510ffdf15ffd5ccffe793ffd79affd598ffe6c1ffea69ffe5d8ffe772ffe0e7ffe0cbffef36ffe388ffe7ecffe8d7ffe2faffca35ffed3dffe876fffe77ffed99ffe87fffe5fcffe12ffff48bffef88ffefa0ffeb2fffeee5ffe8990004b9ffeb72ffea03ffe9ccffe5e9ffd982ffe768fff747fff387ffe2fefff136ffe4e3ffe4dd000282ffef2affef76000851ffe280fff301fffc1b
    1	    1	    1	001016000cdd000ef90012090015f800047f0019df00115c00018600156d001b1100091f000f830013c0000c8d001184001c3d0017a0000f22001717000ff5000b98001fa8001c7f001713000e46001926fffe540010a90008f600061d0008250023d800235b0013a10016170013740014690019a50019d8002be20023f3002425000b39002f51002950001bff00231a001e9100133a002328000aef001d7100192800127e001e83001397001bf200215a0027c8000c37001f16001d15001f97
    1	    1	    1	ffe4d400008bffe3d5ffe8f1ffde9affe163ffeb23ffe904ffe106ffe6b5ffe933fff5bffff88fffeca0fff091ffe450ffe60ffff12effe882fff4b1fff9cdffeb92fff7f0ffebcbffecd9fff06cfff584ffed0cffed29ffececfffb9fffdf9f00063a000b6700102300135d000522001e8d0006d90011560004a4fffe39000d61000ffb000c1500181efff62500132c000eb10004960009060006e5fff8b7000168000dca000f51001b6dfffc0600110600188affffc3fffde8fff37f0005eb
    1	    1	    1	ffedaaffe99dfff987ffe2c1ffe494ffd93dffe3cbfff74cffeb44ffccc1fff3810000bdffe9f9ffd672fff14fffeca8fff03bffe6d8ffea96fff4bbffeba3ffde1efff4baffe6edffe603ffe31effdad0ffecaaffe0f30000caffdb7d00051dffdf54fff157fff1f9fffd9dffea28fffd1dffeaddfff71a0005fcfff52bffee21fffc3900000ffff1acfffae5ffefccfff105fff322fffe0cfff2d9fff9d3ffef5c000ce2fff47bffef71fff9e4fffed4000200ffe9f5fff322ffe8730002b5
    1	    1	    1	fffac4ffee69fff13bffe661fff314ffe7c1fff2efffe3f6ffecd6ffe871fff12dffdf21ffe95fffef7affeb75fffb4afff4f3ffe754fff966fffc7fffe8b7fff188ffe640ffde93ffe0edffdcc6fff772ffeec4ffe36fffe8caffdb6ffffb5d000c7a0000e7000047fff2fdffea5efff237fffea7fff40c00057a000b85fff26b0009490002f700063afff665fff33e0017f3000602ffffd6fffaa300097ffff67cffebde00064dffef710003ea000ac6fff9c4fffb37fff546ffef2f000339
    1	    1	    1	0011ae000adf00159d0017d1001948000c0d00108300175a0013f2001885001303001097000aa90012a20021ad000dac000b110013540005ac000c170017d70012c800150600095d000d95000af40018d8000eb4000a2d001c100013d50019b5000cc2001a350001cb000fb7001dbc0020b9000c9b0015ac0018d0001f4d0008730005cb00173b0019d400210f000efe0016e30014ca0018cc000fd1000a1f0000de001c640006ab0019a70016aa0015180015acfffb95000d4c001655001b81
    1	    1	    1	fff588fffc5dfff31b000195fff0580001dbffea23fffe9effef62ffebf7fff1bdfff9ddfff655ffe87cfff739fff07efffa19ffebe6ffe620fff459fff799fff398fff57cfff5a5fff543fff66affe780fff4bafff475ffef22fff96fffff130012fafffb27fff3bd000163fffe6affff61000cdffffc28000b06000ac10009e9000a0b00023b00118a0002830015000000dd001188fffd780000c70006c5fffe14fffc7cffeb69000b5ffffdb4000852000564ffe9df0005d60009d700046f
    1	    1	    1	00091c0015f30008c700144b001338000d010006cd000c500010b4000c7d001483000c1100157bfff2dc00024fffff4600090d000e4cfff6720009b50008bb00012400006c000ef50008bd000cf4000ffafffbd4fffb5ffffc20fff341001163fff6a0001addffea8b0004a9000db60009fdfffe2bfffc10fffebcffffd9000215fffabbfffc45fffff6000a1d000cb00006bb000444ffff160016d9fff99b00073c0004dafffcbd0015b3ffff9cfffc540003100011170003600005ddfffb71
    1	    1	    1	00094a000a3f001075001219001fb600147b0012f700122e0009e2002ab7001b490018d5001bef00123200048b000280001e5f0011ac0014f4001131001067fffe96001dda001dfd001d290015ba001858000cb600008f00026600257100131100077a000be700044b001077001b000002af0010cb000676fff456000943000e1fffff6300081f000dba0011ed000e700005550019a8000b9e0005e10003f10003f20009720020f90010970007c800025cffec56000907000d1c000e1bfffe8b
    1	    1	    1	0019f4001359000af1001b2700144a0012b5001be5001f520014b00011490017a10008a10009cf001808001fa7000e140014c7001c1800127200166900084b00168e0013ac001579000a6d000fe2000ae0000a02001d35001abe002789000b4500079c000c7b0010ad000761001636fff83dfff4cdfff886fff3b00004010008b90015c70001150007ea00077900132a0012a1000d360003a8fff0650004dd0011dc0000060011bbfff717fffa3cfffe3c000ae000028d001630000d63fff6ab
    1	    1	    1	fff7faffe7f100001dfff991fffd4a000cfffffa6b0008fc0005eefff9ed001669fffff7fffb73fff362fffb8f0013260009a5fff22a001d44fff6fd0002490004c400097800074bffff350001acfff35afffb94fff63700056cfffbadfff6170010e200027b000037000aebfff1ccfff211fffa6f0003060001d400010d000905000335000899000748fffcbb0005880001cf000d68fff7aaffec63000babfffed000081c00067b0012990005500006c40002ca00021dfffcbe000fef000a33
    1	    1	    1	ffe3acfffe41ffedff001019fffa9efffecffffd4bffe69affed52ffeca1fff2f10001b9fff269fff8f2fff825fff350000187ffe40a00029cffdec1ffec81fff1d6fff608ffffebfff5e3fff30cfffa88fffe90fff927fff902fff3a7fffddb0021d200132d002181001d4d001602001b070016db000e0000127a00129d00169f001271000eb5000a0c00177b0015600019cf000ada001dca001efd0015f100112200110c00105f001e87000a500004800018d4000c39000aaafffca50017e9
    1	    1	    1	0034c0002ec1002d0f002f51003980002b9d001425002a5400170a001f55002ec1001c65002cfd00245e002705002c4c001ec500314a00265e00221b002f17001a94001682001a0300230300268e002bf8002be8002051002d26002b53fffd550010ac000bc7000bf300040d000e0c00153b0014d3001a34001262000b6f002657001497000d43000714000f170003c80013b7fffc58001816000caf0005a30016660004ee0011670012ad000e4c0018c000061e000e030019f2001cd9000d99
    1	    1	    1	ffe400ffee83fff5f3ffdd79ffe6dcffe41bffe5f7fff590ffe4b2ffea57ffd3fbffe66bffeb57ffedf8ffe44dffd940ffe49ffff2dcfff75efff319ffeb67ffde0affe844fff555ffe56fffebe0ffeae0ffee00fffad7ffea4afff3e1fff04bfff088ffeba3fffb1bfff5a7ffee46fffa87fffa53fff6d0ffebe60002a1fff77dfffd33fff231fff5e2fff461fff222fff8b9ffff5600000efff925ffe28dfff660000680fffcebfffa2bffe838fff788fff9eefff21dfffa24fff2fbfff1db
    1	    1	    1	00101cfffe87ffff97ffff05fffa62fffdedfff0f7fff528fff51c0002f9fff32b000cf7fffd2d0001e8fffa15fff48600012900128affffd2000b4700044d0000f6fff8d8000079fff4bdfff48cffff98ffda06fff32fffed46fff321fffd25fff4b4fff089fffce1ffedd5fffd16000189ffff23fffad8ffe870ffeeb5000231ffedc3fff97dfff8f2ffef09fff8b2ffeef9ffffca000068ffed95fff427fffa94fff508ffe7effff635fff482fff050fff022fff9c7ffffcaffd8dffff2df
    1	    1	    1	0003c4fffe910008e300006d0008e0000775000bad001030fff76efff6c7001c6b00011f0002970000d600084ffffd680008f700015e0000d600074900021bfff13affed5afffc0d00182f000ebafffdeefffd64fffc570012500009b5fff32300170e0011bb000e39001aff001c700020af0015ed0008a0001b6e0020890010c500174700295f0022560016290026f60011ef0006f2001286000ed100195b0015f4000f62001a45001681001b2000391a00034e000fa3001e5e001b970003ef
    1	    1	    1	000000000000000000000000000000000000000000000000000000000000000000000000000000000000000000000000000000000000000000000000000000000000000000000000000000000000000000000000000000000000000000000000000000000000000000000000000000000000000000000000000000000000000000000000000000000000000000000000000000000000000000000000000000000000000000000000000000000000000000000000000000000000000000000000
    1	    1	   33	000000000000000000000000000000000000000000000000000000000000000000000000000000000000000000000000000000000000000000000000000000000000000000000000000000000000000000000000000000000000000000000000000000000000000000000000000000000000000000000000000000000000000000000000000000000000000000000000000000000000000000000000000000000000000000000000000000000000000000000000000000000000000000000000
    1	    1	   33	ffdadcffe738ffee78ffe14bffd89bffdd09ffe4e7ffdadfffd4d6ffdeb9ffe8c9ffe008ffe093ffe237ffdd9bffe3b6ffdb88ffef62ffd80bffec28ffdb3bffe41affe085ffdf06ffe201ffeba6ffe5f7ffd57bffdfeaffcd92ffd40affe752ffef44ffdcecffe764ffed3bfff063ffe371ffe675000079fff79cfff337ffda6bffea76ffe38bffe3cfffdc13ffe3f2ffdb8effdfccffefddfff92effd803ffe648fff829ffefd2ffef4ffff054ffe9adffe74bffd62afff494ffea04fff340
    1	    1	   33	002158001e82000880001cc30016d3001677000bc30018d3002f06001823000c7d002086001111001755001581001d3a0012f6000c06001b0f001da600210b0019880014dd002274001c0d00081c0016eb0018b10012240012b00003c000192800254c001d5400190c00216d001f15001ff1003039001b3d002400001f99001a85001e120027530020290023d900150a000f20001c340017c3001a820018b90016f2001bc3001a4200161d00163c001ccb00290d001a58001d8a002478001d44
    1	    1	   33	ffe2defff41cfff5c4fff2a7ffec31ffe429fffa7fffea81ffcf7effdb23ffef75ffeed6ffee0dffe993ffea61ffee9a0000eaffec5cfff5afffe2a4ffeb61fff11effe6f3fff56afff0a7ffe480fff051fffc3bfff25affe5ccfffa26ffedc20003b60008fa0015fc0006e1fff77d000a91fffddb000b37000beafff449fff6a50001e8fff63b00086100030300104effffc000083c000c9f00090c000701002326000d55000d6c0015f3000f14000965000293fff9fe000bae0019200013a0
    1	    1	   33	fff0feffe466fff1b8ffec5dffef1dfff419fffb0dfff031ffe220ffe965ffe32dffde14000201ffebb5fff143ffe38effe8aeffe4dcfff8c7ffea7affd6f1ffe3c4fff18dffef7affedb7ffe8d8fff8e9fff30bffe012fffe5afff5e8ffe06cfff360ffeb24000474fff02dfff34bffded5ffebadffea8700056cfff3d7fffa85fff56cffec5f000d3f00054dfffd12fffa1cffe8deffe589ffec4600016100041afff599fff5b8fffa7f000510fff811fff5f7ffffcaffefe8ffe330fffb82
    1	    1	   33	fff2cefffc32ffe756fff677ffee69ffec89ffd7a9ffe09ffffb94fff607fff29bfff27cffe79ffff1e5ffedc3fff42affe0d4ffe708fff94bfff1d8fff44fffe90effd40bfff2f6ffeb1bfff1da000885000723ffe096ffdbf6ffebeaffed34000120000dfcfffafafffae1ffe9b9fff74ffff38100083900061e00031b000349001118fff37f00130300034300011cfffc34fff16c0000eb0005280013abfff5880001b1fff662000e77000a82fff1cf0000b7ffeebcfff9eeffff4cfffea8
    1	    1	   33	001e8c0005de0011300029b5000f930013a900175f002459001152000c5300118500079400191d001d1f0019b700231800093a000f9a001907001d5a001189001480000d2b0016ee000fcb00078600258f00146d000fd60016e6001f0400130c000c06000aa0001934001531001c67000711000a8f000c39000e80000d130004a5001d3c000e65001d87001c1900096a0011200006640011350010840017f3001c960017bf0024ea0014f700004a0024d3000d9500110200116a00111a000ba6
    1	    1	   33	fffb3cfffd58fffc7effef51ffe7cbfff023fff2330002d1ffef94ffefabfffa69fff716fff0f7ffea45fff1b7000056fff808fff958fff817fffb1cffec95fff41efffdb5fffc98fff0afffeeb4ffe1e3fff0f10000e4ffe93afff478ffef64000ede0006e2000d98fff45f0006c10010150012e30004450006240001b700027900103200021b00069d0008b5000d56000876ffffe4fff881000bd8000371fff7320002d3ffff4afff26d000a1afff957fffa85000288000802ffe90efffbc2
    1	    1	   33	fffb76fff62000058a0006930008c7000b43000cdd0009b10009c20018eb0007ab00072a00128b0015fb00144d000ed400047c001374000699ffffc0fff9570001ea0007adfffafcfff58700020e0005e1fffdd700005400010afffe20fffb02fffe5c0009e4001678fff89900149b0010e3000b71fff91dffed9e0001d90001bf000ee8fffc2700055dfffee10000fefff5820000e40003fb0014c4fff47300069200097b000d30000bf7000896000217000997fffadcfff9360003d4001276
    1	    1	   33	00125c0011c0000f2a00195d0030d90001df0012270017cb001968002055001cbb001c240011c5000e8f0018e700158c0006a0000f92001fe1000d800013510011a0001fd100203e0016d500315e0010b900214f00206a001e380012d600156c0014ac0011bc000fbc0006e900020f0008590004dd000bd10009d2001321000ad50002700003cd000b75000cd100045800186a001490fffef9000c8afffe67000828001855000e04000655fffef8000a0d0004f3000a2a0007c000042a000866
    1	    1	   33	000b76001d90001a60001cdd00239d0014d3001d6b000d19000d680016ad001c99000e9200268d0018150002bf0012060014800016da000c4b0022300020730017f0000f4d00133c0026a7fffe4a000eeffffeef0015d60025e600127200251cfff4b2fffcd6001320000283000549fffbcb0000110003b10003d60018a900017d0005260002a300045700089dfffde80003180007f4000595000760fffea1000728fff4d70002eefff8c5fffe6600055f00091900055cfff962fff6a0000b06
    1	    1	   33	0003ea000740ffff4c0003810002530017d7fffa53000949000c380002b900082bffff48000efbfffa4900001ffff74000054c00103e0001effffdf2fff523fffbb8fffecfffff44fff9470001b0fff6e1ffec93fffe7affff40fffcce00029c0003eafff6c8fff6cc001ce5fff4fb0013ff000629fffa69000ae0000f33fff7650009fc00088f0004bd000dafffff02fffb9e000acc00124f0013d80005290006600007290007260007cf0005e6000fe5000aab000758000f1cfffc64001360
    1	    1	   33	00067c00007cfff8fcfff893fff7efffed35fff9adfffd77ffeb12fffce1000015ffe84efff69bfff98dfff679fffe94fffcbcfffe36000247ffdfd8000a9bffef7effe985fffd46000561ffe346ffe84f0005b7ffe1dcffe8a0001146fffffe00115a001fa20017bc001c65000f47000dd1000fcd0007710011d6000be900083b00219c000fc70014fb00058b0016fc0024e60017aa000de1000c4c001015000df4001db5000544002ab1000c2c0018250015eb00124e0012a2000b02002b3c
    1	    1	   33	0017220026380033a00033190028a7003ccd002c710026db00249c0029370014030025d6002c6f002173001511003564002b5e002e4a003d070032f60025a90024fc002b4d001bfc001c610029fc0029550022470026e000210c002ed6002d600004ca000cea000ab4000b4d000a83000443001d95000d77fffe4c0006c7fffeb7000c5a0010ed00109b000a73001c100008be0019fe0007df0019c800051700106a0010470007be0015e3fffd7a0003bd000c37001742000e5200160e0009b6
    1	    1	   33	ffe664ffe22cffec40fff387ffdff3ffed55ffeaa3ffe8c1ffe17afffd85ffeb8dffe456ffef63ffdfb9ffebb3ffe1b6ffe84afff0e2ffe3ebffe976ffd18ffff3b2ffd4b5ffef38ffdd1dffdf98fff631fff235ffeeb8ffe9d600093affe3b2ffec40ffefd4fff3c20002e1ffef45fffb35000617fff301fffe4cffecd3fffa3bfff494ffeacffff651fff005fff1a6fff82cffe590fffe6dffe9200001fdfffd6efff809fffb1effebb9fff68afff2c5ffff7f00067cfff82c00126effef42
    1	    1	   33	000b36fffda0fff40c000cfb0014d5fffb9ffffbe9000677fff694ffeed1fff779fff942fffbab00037b0000bffffdee000108000ea0fffbf5fffe12fff355ffe966ffef110000d0fffc85ffe72a00077fffeb4dfffe0affea7a0002b20000f0ffec52fff520fffe3efff29bffeeb1fff20bffe02bfff74ffff792ffe2b50006a3000174ffef9dffe813ffeffdfffad6fffa0cfffd5affeee3fff690fffc23fff1b800053ffffd86fff267ffed9efff457ffec3dffe648fff81cfff178fff89e
    1	    1	   33	000bac0016da001204fffd35fffa3ffffd970006edfffc41fffe84fff5c1000d33fff8f4001015fff24b000f19000d420005d000066afff305002574000c6d000546001275fffe2e000945000c34fff617000cf90009e200025c00111e001206001e46001214001b96001a9700141900193700221b001ceb001dcc00071f00188d00325e000cab000d7b000dd7001cea001c9e001c60002a370012540017b9000fc80017db0013f8000165000a6c001119001f330010fa001324001f2c001842
    1	    1	   33	000000000000000000000000000000000000000000000000000000000000000000000000000000000000000000000000000000000000000000000000000000000000000000000000000000000000000000000000000000000000000000000000000000000000000000000000000000000000000000000000000000000000000000000000000000000000000000000000000000000000000000000000000000000000000000000000000000000000000000000000000000000000000000000000
    1	    1	   65	000000000000000000000000000000000000000000000000000000000000000000000000000000000000000000000000000000000000000000000000000000000000000000000000000000000000000000000000000000000000000000000000000000000000000000000000000000000000000000000000000000000000000000000000000000000000000000000000000000000000000000000000000000000000000000000000000000000000000000000000000000000000000000000000
    1	    1	   65	ffe1f0ffe8f9ffde20ffd9a0ffe218ffd044ffd197ffe338ffc82affe3f1ffdf1cffd7edffeceaffceddffe742ffe2e3ffe333ffd492ffe16effe019ffd623ffd164ffde3cffdb9cffdf9dffea16ffd487ffd39effdcecffed4dffcd05ffe84affef88ffea99ffdf42ffec2cffeeceffe4c4ffe867ffe414ffdc1cffe80bffec28ffea85ffe568ffed47ffed12ffe651ffdde5fff310ffee1affedc3fff23bffe29cffe586ffe554ffe5f7ffe936ffe67dffea5affe538fffbc3ffefadffebfe
    1	    1	   65	00254a000f45001836000b44000ce4000f82000257001950000a5e00239d000f56001d150010220005e300156c001ca100130f001b080011c60024010007f90018800019440005e400192900151c00227d0004fa00181a0001d7000927001060000eb2000dd1001a54001c8e001b2c002e6e000ff50013de001f4200352500175000269100163c0015f10020720024b90027410025d4001c94001161001a5b002242002d9a001a1c0016550015e6001d47002006001a70001551001b47001ea6
    1	    1	   65	ffe7e4ffd8b1fff54a0005defff724fff37effe9c1ffefeeffe318ffec39fff414fff2c5ffefb2ffeff3ffeeb4fff015fff637fffeb60002a4ffe8a5ffe23d00019effe9daffe89cffe517ffe5b6ffebc9ffdbb2ffe6b2fff8e7fff041ffe71c00064200082d000dd8000b2200072a000e580010bb0017a80017c8fffb5500100c0007010002380013bd0001dcfffccdfffa43fff8240008200002d30013a500069a0012fc001a5e0000d70010c000142f000a3e00078c0004b1fff5a3fffade
    1	    1	   65	ffe3eaffe54fffe970fff84affea22ffeff6ffe00ffffa3effe504ffe701ffe0b4fffa8ffff432ffef45ffed16ffe6cfffe4a9fff6d8ffef00fff8f9fff103fff2c6fff17effeaa4ffe5b7ffe67afff0d9ffeaf6ffe92efff3b1fff6a1ffe9fa00023c0004f5fff6bc0005b2ffe53e000250fff1f7000280fff424fff5cdfff6b4fff87100097efffd9bfff6baffe8cbfff26fffec6afff7e400034dffff2d00064afff27400042cffea85fff10affff5d000060fff48afff4cbffefc3fff99e
    1	    1	   65	fff97affeb9bfff246fffa88fffe58ffec3e0001bbfff3c2fffd7cfff351ffeafeffe651fff37cffe7a1ffef4cffed93ffeeddfff01affee52fff341ffe461fff2d8fff68afff48affe4cdfff5aafff4d9ffe946ffef96fff1cbffecbb0000a400095efff9610005c600072cffff500000eefff4e1000a70ffeb30fffed5000828ffe9dd000344fffa23000f540001270009e5000b3e00042c000d7bfff0530008a8fffd4c0004b2fffe5ffff088fffde7fffb86fffdda001351fff8cbfff99e
    1	    1	   65	000a66000d45001d62001106001184001096000b41000cec0010100015e7000c360024910014ee000907fffa52000c5b0023fb0015d0001fd40015650012f700123c00282800064e000c750025e80021970011c0002276000cab0025a5000b8600189000111d002048000576001960001342000edd001e020008c0000e930019a8000b870014a0000df5000e66000b7f000b3900184e001870fffdf900154b001930000c48001f4c0011550018de001099001844001ad6000d2d001aa5000b7c
    1	    1	   65	fff784fff4e7fffc48000eca000216ffec90000289fffa12fff414000495fff090ffedbdfff59efff113ffec48ffec99fff0b5fffc42fff582fff145fff3f7fff50afff12cfffd0cffe4ddfffdc8fff3adfff67affe984fff15fffee99fffbe6000408fff83f0008aa0004c00001c0000e8400060b00064effff0a001459fff9e0000f930010c4ffff6d0006ec0015f3fffd1b000ff4fffb8afff07b001bc1fffe24000f02000e24000b9d00036c00007dfffc8600063c0005a1000ce1fffe98
    1	    1	   65	0000ba00071bfff8ee001384fffaec000d6e000447000230fff76a00034100124a00040bfffc5e00075b00158200091700030900094c001506000645fff379fffa8c000cd6fff80e0002570006be0005970006b6fffc26ffff3b000923000f6efffeccffffbffff9860007eefff44a001c5c0007e500050a000a8efff323000f3400067100090c0014070000d40004e300067f000a96fff852001569ffff9d000a00000d160005f200040f000772000e9b0000f2000d4000150b00061d0005b0
    1	    1	   65	000b90000fa700227c00068600153e0018de000f19000d9a000a8e001ca90016a4000f0900067a0010b5000e1afffb2d0005f9000e040017380019a90028e100084c0022f4000c54001e0500180a0011290008e8001556001e3f0009df000f50fffeb80000ad00047e00140e0016a400065afffe3b000338000a9cfffa79000fd00001df0027e0fffd13001236002583ffff8b0004be0015fa000c11001041000858fffb4afff6b000081b00053a0009530005ec000fd4001b87000b0900061a
    1	    1	   65	001190000e2d00238400068e00009600212c000ee900156a001f2a00139f00121400108b001724001e690025a6000ba5002235000eb600233000187b0014c90019a00023a6000c1800242b0009740025c30008a2001108000831001a7b000e3a00093e0000450005acfffa3e000a30000234000811ffff5a0004da000713fffee800022100016400069f0003c8000b77000269000a9a0002180008d3fff89d00072800121e00039a000c25000a2800087300124afffd8e000793fffe2dfffb46
    1	    1	   65	0012d6000c23fffd98fffb500003940001f0fff931fffdf4000afcfffff10002f200012300006afffaf100049600017f0007c5fff432fff6d8fffdf300071500065a000350ffe9f2fff745000112fff61bffefcc0000060004f1fffeed000c2a000be0fff6dffffe60fffcb200040a000b5c0008c3000dea000a4200061bfff7f40002fdfffdc4000323fffb52fffeb3fffaddfffff0fffaacfffd53fffd7100029c0001ec0007a2fff78ffffe28ffee0b0017b6fffb1efffb0500123b000944
    1	    1	   65	fff400ffec6f000312fff500000928ffed32ffff09fffe1afff7c4fffe45fff092ffe1bdfff0e8fff219ffede4fff8adffec7bfff24600040efff88d00002bfff5eafff718fff264fffba1ffdc9efff005fff4d8fff26afff0b1ffee61fff320001a06001d8f000dc40013c0000eaa0010ce0013310020d8002bfe001003001408000823001e6e000f450017ac00121d000b5700161a001c3e000199001be5000aa0001bee000ce40010430016d40015f3000a1afffb3cfffa35001383000f78
    1	    1	   65	0032ee001dd50028f6002566002dcc003668001bad00272c001ecc002d83000dc2002fbb00205a00259b002218002f17002b7d00267e0012de0027c30021a10032f200233c0034dc002ef9001d040023af002548002e820023a9002a6d00356400028200041fffff260003aa000e320001000016dd000ec2000ed800068d0015080015870003c2000bcf0009040000cd000f830010780006c0000931000585001038fff4bcfff7180007db000176001f01000bf80016fa0007c90017a90008e4
    1	    1	   65	ffe31affe1f1fffc1affe996ffd48affe55efff299fff26affea8e00051bffdd6efff691ffe476ffe7d5ffecccffea4dffe719ffe8c8ffed4000001bfff6d5fff664fffcd2ffe7b2ffee2bfff49c0007bbffedeeffda2efff743fff8bfffdc88fff794ffeed100039c0002e2ffff12ffed78ffe70d0000d4fff266fffc95ffefccfffdd1fff8ccffdfbbfffe80fff3f5ffec5dfff00200031afff869fff955ffe6dafff4f2fffb36fffcc70002b6fffb31ffed78ffeb40fff199fff79bfff6c4
    1	    1	   65	00055cfffb130007e4fff0c0fff954fffbeefff815ffff96fff08efff6bd000690ffee7ffff3d0fff4ddfff2b8ffee2f0000bdfffe38000db8fff62b00047f0005c4fffc46000120ffff4f0007aefff7b1fff9e8ffee58fffac90000b3000802fff00cfff855fff568000176fff8e6ffec70fff51ffff016ffedc8fff9fdfff458fff745000168ffeb81ffe1fcfff1f7ffeac5000010ffef7affe6d5ffe867fff14cfff6ecffe700fffa67fff57cffed7d0000b6fff4ecfffd4dffe82dfff99a
    1	    1	   65	fffa0cfff719fff670000116fff706fffb060005bffffe9400149e0004b30008c8000d6b000e30000d0b000f38ffffbd0003a5fff39e0010f6000ed7fff709fff5220007a20002a40002cbfffd94000e5f000e88fff840fffe13001343000ab800183e001593000b3e000c4400208800214a000f2d0013f000118e0016c700193c000b3f000836001c5b001780000fdb0026630020520017e40013bb0008d500047800211e001dea001171001d0c001e23001f7c00267800180b001f61001798
    1	    1	   65	000000000000000000000000000000000000000000000000000000000000000000000000000000000000000000000000000000000000000000000000000000000000000000000000000000000000000000000000000000000000000000000000000000000000000000000000000000000000000000000000000000000000000000000000000000000000000000000000000000000000000000000000000000000000000000000000000000000000000000000000000000000000000000000000
    1	    1	   97	000000000000000000000000000000000000000000000000000000000000000000000000000000000000000000000000000000000000000000000000000000000000000000000000000000000000000000000000000000000000000000000000000000000000000000000000000000000000000000000000000000000000000000000000000000000000000000000000000000000000000000000000000000000000000000000000000000000000000000000000000000000000000000000000
    1	    1	   97	ffd99bffd451ffeb21ffe402fffb47ffc628ffe5bdffdf8fffdefaffde83ffd5c6ffd208ffcde6ffea37ffcfdbfff1e3fff50dffe38fffdfecffda48ffe22effd4b6ffebe9ffe146fff650ffd84affd159ffd087ffd8f4ffdfafffe0abffe773ffef5dfff413ffe0b1ffdab4ffef7fffdb3affd135fffdc7ffea46fff71fffe188fff01cffe36cffec3fffd3fd000189ffe5b3ffee0dffe27affd6a2fff48cffece8ffea2fffef32ffe942ffe708fff111ffdf85fff68cfff603ffe803ffdea7
    1	    1	   97	0015a7002ac7002b4dfffe3e0009b1000cf6001d31001fdf001ea6000e53001758000bd4001ab0001fc10011c1001343001d530010750012bc0014d40010b2000cee000edb0022ecffff4e00138c000d19000ff9000f3600129f000fa7001aa5000c7f0024c100098300167c0016bd002156001cb1000c070019d80016ef001280001682001db4000325001aa70013d70008d10023ed0021b0001f5a0025cc001d4a002f21001168001d3e00287a0026d900166d00247e0029bd002ae7002813
    1	    1	   97	ffe1c1fff49dfff21fffee72ffd13dffe3a6fff217ffd933ffdbfafffde9ffe8b6ffe854ffe382ffdc59fff90bffefe5ffe703ffe81dfff4a4ffe9b4ffdbc2ffe6d6ffe083fffba4ffe07cffed8cfffa39ffea5dffeef4ffe255fff581ffe09b000cad000eeb0007ab0005a0000403000d6800040f000dc1001068fff5fffffff4000bc00003e000047b00173f000485000981fffcef000db20007840020780007ae0008e3ffffac0010aa001bf2000bdd000dc9fff14600002b00035b001351
    1	    1	   97	ffefabffe6e9ffe5f5ffe2caffef97ffd87effe72dffe6f9ffee5affe6f3ffe3f0fff178ffdb7cffe9bdfff3a5ffe981ffec73ffe47bfff79affdc18ffee66ffe784ffe8b1ffed5affec4efff056ffcbeffff773ffeb18ffea37ffd875ffe64500012bfff9a5ffe803fffaeafff961fff69cffeb75ffec930001760008b3fff50afffbb4fff77afff737000c27ffe161fffb0bffedcffffd86fff16efff94cfff470fff78dfff74effef720005cafff707fff8e5ffffc6fffd1dffedd9fffe99
    1	    1	   97	fffdddfff973ffe245ffebcaffda03ffff2cfff89dffee63ffe7e2fff757ffec7cffeb64fff394fff2fbfff2affff035fff5d9ffe677fff072fff512fff34400007cfff245ffd866ffea60fffe96fff4cfffe67fffe3e6ffed13ffea49fff1bbfff8e3fff8fb00028300048e00011b0007b0000a710006f9fff896ffedf9000684fffeb6fffe7afff031001097fffeb9fff275000555fffc16fff4d80014a2fff03e000101fffbf8fff638fffd4a0012d3ffeb4dfffdaefffc25fffbfb0001e9
    1	    1	   97	0010c300168d001d3d00153800136b0003c6001635002985001a580017e70011a6001cae0023240019db000f4b001ec100106d0013730010b8001ce80008140019aa001cad000b02001c480006d00014f50014110017580013730007130021dd001753000f1100159b0016ba000f370010ac00130300091100090c0008f1001292001c880010a400114f00121b0012f1001897000735001accfff7560009da001c50002083000a340007b20012fc001595000df1fff14a000f15000477000b63
    1	    1	   97	ffec19fff0f7ffed11fff866ffed09fff456fff3fdfffd9bffff180002a3fff2a8ffead6fff7e2fff013fff985ffe2fbfff373fffcd3fffa4efff850ffe9c0fff13affee7dfffeeafffcaafffba0fff8bbffe0b7fff6d4ffeea7ffe331000a0f000711ffffbbfffce3000548000fb5000836000ee10025c70010ca00078bfffe0cfff9e400003c0002d1ffe27b00052f00046d0001bd0004e2000b940012e8001ef000068dfffe0afff88c001264fff6910001150003d600061d0004a50007c3
    1	    1	   97	0005fd00102d001d5300042a000621000efafff3590008b50009ee0011a9000c26fffd5affffda000bb5fffde90006e90007a5fffb850017cc000df40009500007d2000c67ffff0c000d4600150afff2010007170008f000093b000115000747000d730004bb000a9700065efffa09000c10fff7f30007e50009e2001047000916ffffa00005e20012970006cd001183000abf001335fff7ea0005b4000708000ab20015bb000b96001d5efffdd8fff8f1000a4f000518000707000b37000f6d
    1	    1	   97	000ced00098b0013d900167e00153f000f98001607000cf100144a0011c1000cee0016940009ee000fff0011ed0031ff0020e9000b0f0025200017540001300014620018230021a20025e600251a0019ab00121ffffe0a0007810021630011a70015170010ed001fc5000a0affffa5fff78c000fc5000e7bfff8b2fffca500054c0008540007e4000ca700102300053f000ca5fffb81000cd4000f260009a4fff83a000c79fff570001cae00038e00128f000937000768000e33000ca7fff471
    1	    1	   97	000e33000da9000a8d001204000871000ea80007390007a900236800050d0025fa000d3c00187400166d000917001bb9001053001a4d001532001576000d8a001d8e001b99ffff8e001f9400162e002825001d530019e2000df10014950015d3001a25000e7bfffae70000c00003abfffc86000c5dfffbc90002fcfffc8500160000055affffe8000cb300048d00048d00127bffff19fffa780002fc000cbefffa52000ca3fffdd600037800072600023d00076bffff5600056f000f170009b9
    1	    1	   97	000bdbfff4abfffaad000376fff377000486000a3f0002ddfff6b4000427fff418fff894001128fff517fff64d0005590000e500099500172a000becfffefc000f76000225fffb9a000050000a220009d10008630004cefff9ad00100500030b000421000baffff9530003800005bbfffc66ffff590000210006c6fff60ffffec6fff12a001122fffb7d000891fff4effffc9dffff7dfffb66000680fff8060006a6000995fff762000bf6000b40000735fff889fff60a0003abfff0c9000633
    1	    1	   97	fff8fbffe67700010700071cfffb29ffef42ffee8dfff231fff0a6fffc5bffe914ffe72afff0bcffffa3fff599fff543ffec99ffeeb3fff360ffe9b0fff1ccffe864fff4efffe2c4fff008ffebf2fff91bfff5e7fffc3afff507fff06dfff8c5001c4f001f6d00078100102a0019e3000260000a3b000e3f00262e0010c5000c38002136001f1a0013dd000fdd00172d00025b00167700207c000e3a001c620018d000137b000e7a0000d8001366001f490014370007280001d3001037000dc3
    1	    1	   97	002055001699001e930026c400073f0028d8002e2700164f002a140037030026080036860018ee0022290023490017110025d100181d0022bc00273a00123a00206e0032e3002888003a56002cf000266d002037002be4001a5f0027650034cd000bcf000159000f5f000d2a000b6d00046c0003ab000e8d00067e001a4dfffe500004d80000b4000dc100007d000bc3fffbe7000109002420001b64000b22fffd840008f9fffd6e000910000cb000086b00194500196a0014230014270006d9
    1	    1	   97	fff3a5ffeae5fff333ffeb4affe887fff216ffe1ebfff69bffed4cffede5ffe34effeab0fff24cffdefffff293fff9c5ffee69fff535fff210fff22cfffe18ffe1e0ffee0bffec28ffdfe6fff2e2ffede3ffec23ffef2efff773ffdd31fff675fffd13ffeb8d0003c9fffa20fffcbdfffae8fff663ffefc3fffbe8fff50bfff6bcfff2b4fff1fcfffb8f000f8bffe4e7000485ffed8ffff9b8fff6f2fff644ffec88ffefaf000326ffec4c00025cfff35bfff525fff0b8fffd59fff851000465
    1	    1	   97	fffda50000f1ffecb1fff49affede1fff35afffd57000125ffe8d8fff28bfff9f6ffffc40004d000023dfffd03ffff6ffff619001483fffa9efff4ba00022affffb4ffec41ffff12ffeda20008b0ffebc30001e1ffee4cffe7bffff771fffe65fff821ffed4bffefb1000292000785fffae20006fdffe57ffff9f4fffa93fff65a000994fff530fff787ffed63fffc55ffebc7fff68fffdde0fffb54fff73effefe6fff22fffe8eafff7f2fff9dcfffe2ffffafdfff24cfff66100000dffe7e7
    1	    1	   97	000e77001115000a4b000ed4fff9affff78afff7910017c1fffb400008e1001098fff06a000cf000017b000ba1000b45000535fffcfffffe3000058400029afffd30000e570002ecfffe20ffff0c0004dd000d35fffbd800031900017b000e7700276100160b0017a30014060016e50014420002850020bd0019460018a50012d60022f2001cfa0013eb0032d7001db90015270017b5000afe0007ac001772002f70fffddd002400001f96001ac4000a9500049f000898002d75001f0d00233f
    1	    1	   97	000000000000000000000000000000000000000000000000000000000000000000000000000000000000000000000000000000000000000000000000000000000000000000000000000000000000000000000000000000000000000000000000000000000000000000000000000000000000000000000000000000000000000000000000000000000000000000000000000000000000000000000000000000000000000000000000000000000000000000000000000000000000000000000000
    1	    4	    1	000000000000000000000000000000000000000000000000000000000000000000000000000000000000000000000000000000000000000000000000000000000000000000000000000000000000000000000000000000000000000000000000000000000000000000000000000000000000000000000000000000000000000000000000000000000000000000000000000000000000000000000000000000000000000000000000000000000000000000000000000000000000000000000000
    1	    4	    1	ffe8f6fff5a8ffd307ffda69ffdb32ffe965ffee99ffe59cffeae4fff05affcbe0ffd13fffd92effdf2efff08dffedddffed9dffdcdaffeba2ffdd85ffd8b7ffe681ffe758ffe5c9ffe7b0ffdc64ffd722ffd80fffd0bcffd83fffddfcffe1f3ffd92efff478ffe4d9fff7a9ffebb0fff941ffde51fff09effecf0ffeccaffe78efffd3dfff832ffe4f8000747fff153ffe511ffee08ffea52ffef2fffe397ffe627ffeb42ffef6bffe95affe8defff6fcfff43dfff1deffd347fff0e8ffff31
    1	    4	    1	00197e001524001c590021e300085000111f001677001eb4001eb2001a44001c62001d49001a640018dc0021350009670001a5000aba0015e8001141000715000be10014b4001c1b0008c6002a9a002abc002079000ce60020e30022600019ff002732000c70001f750016ad001eb4001dad00267f000de8001d3200196000069a001a23000ff0001a8e00275b000cfb0017a3000c26001f0a00219d002dcf002af3001f320026a9001a360020cc001a6e001eaf0024080032a50012d4000fa1
    1	    4	    1	ffe9f8ffeb26ffefedffecdffff540ffe961ffe785ffecbcffe6f4ffe6a0ffd9c2ffe70dffedaafff594fff1b1fff4a7ffef63fff264fff142fffb2fffeecb0002d1fffae8ffe9ddffe75affdd6efff53cfff60fffecd2fff5dffff84cfff893000d92000e1a000c770007f7fffdd000126d0001f90003ea0011960009eeffffa400083500055a0001ba0001ff00069f00101f000d880006240015850007ad000eb5fff7c4fff8b900042400000c00124c00114b0001a4000cbd00034e0008e5
    1	    4	    1	ffe03cffe744ffe245fff2c7ffe748ffed3bfff67bfff2c4ffe858ffe51affdb0effe5d3ffe964ffef86fff2f3ffead5ffe1c5ffec14ffe386ffebf7ffde3fffe913ffe3e6ffe421ffeb0cfff218ffd84cfffa4bfff5a0fff9d7ffee1cfffb370006e8fff26afffac3ffed39ffeda0fffeddfff93ffff91effeaa600042effe8c4fff199ffed68fffc02ffe8a5fff345fff8a3fff10a0001c000026fffe897fff1e30001dcfff305ffef8efff68effe8bcfffcc3fff3aafff0c5ffe63efff521
    1	    4	    1	ffe5fcffe960fff4a1fff299fff708000015ffedfbffea20fff3c0fff2d4fff856fff25dffeca4fff1ccffed31ffecc3fff4b1ffef76ffdecefff177ffeaaffff765ffebd6fff7c7fff4a8ffe366ffeb5effed29ffe690fff96bfff154fffcdd000a060011cefffe550012abfff85400050b00032bfff5860008600005cafff7bc0000c7fffdf60005de000629ffeeb9000201000532000616fff18ffffd07fff79b000332000b7b00022400013e000650fff52dfff7d6fffab3fff582ffff75
    1	    4	    1	001a8e001b0c000f85000c05001eb800253f000eef0003440011360012e60012ae001b11001c7e001684001dd1001193002291001d1e00109a00169d0010fb00103900182a0009ff001020000e120023220020350010d0001361001354001087001f7a0015ea00169300059dfffe4c001fad000e830014da001d20001296000fbc00199d001086001c58001393001967000c4500087c0019dc0019db0013e10003d300129a0010af000d7c00096e000926000af900147c001579000b1a000327
    1	    4	    1	ffec5effec04ffe607fffd1ffff360ffeac7fff9d7ffe504000460ffe4defff4c2fffac9fff67a000aeafff4b7ffdd6d0003f1fff592ffe02cfff213fff6bb00063dfff702fff229fff774ffecd2fff084fff0d5ffec3efff3a500034e0000cfffff2c0014da0007a900141ffff99cfffd8100133100162afffede0011460008ac000939001082fffd22fffcf7fffc19fffa3900072800080a00062b00059d0001b90014620006e1fffb2200008efff58afff9e10009c2fffd9bfffa94fffbfd
    1	    4	    1	0000da00040efff88dffeef9000fc80015150007a900043c00081e0006f0000a720015c7fffa1e0000e6fffddd000d3b001091fffec200042800050b00148d0017c1fffb14ffff2ffff7ce000c7000025e000109fff7b6000def0005e60011c7000dc40000ec000129000cc5000736fffe03fffefd00139afffd240005f6fffbd4001c7100086e000750000ecdffeda5000135000e9200163e000d0f000b5d000a21fffc100007fbfff4e60001a200073e00077500077cfff0ff001376fffcf1
    1	    4	    1	0018a6001a1600151100111d0020220010b70016c500177e0011be0015f4002174001b2b000456000844000fc3001a25001bf7000ef60013b20007730013c5000979001dea000bcf0018c80011c6001a2c0004c3000916001939000dd2000e31fff96a0006820011f1000a0b000eba000c7b000fb5000afe0004e4fff40c0004bc000dc1fffc800004bafff55f000d61fffed70006fe0013d6000d31001381000225001bca000937001bf6001948fffdee000905000ffafff947000a0a000ad5
    1	    4	    1	0011f400176c001e130025ed000666002127001489001e38fffe5a0010ba001fc0001d13001a080016da0012fb000591000803000f74001a800011c700153700186300069000167500031a001046000aa8001413001c4c0013e1001772000811fffd7e0003cc000093fff6b1000012001b09000d33000964fffdc4000e74000df400089b000516000fce00011f000b5dffef7ffff83a0006e400058dfff58bfff7dbfffe38fffe8b000ae8000e10fffca0fff6bbfffeb4fff9c9fff7a2000329
    1	    4	    1	fff41afff7c4fff6a90008370001780006a9000c77fff37a00036a000606001078fffb310005b800070a000475fff2b7fff203ffe51e000616fff76900084b000947fff4f000076d0005ecfffaa4001f600003f9fff564ffffeffff5d0ffeae3001cb00000b6000a730003f30006d2fff1110014c7fffd6c000eea00010afff3d0fffe990006a0001350000d4f000229000039fffd4c000c90ffebf3000da3000ba7000652fff7e5fff8da000be6fff104000f3b000734ffffe10002fe000fa7
    1	    4	    1	fff41cffeffafff4e9ffff97fffc1c000717ffe87bffee5cffea02fff0cc000430fffa63fff6f0ffea20ffef4ffffb95000647ffd9a0fff066000b87000219ffeca1fffad2ffefedfff1e8fff390fff88cfff691ffe82effee0dfffd64000b0d001314001e9a000c97001c19001a5e000ea30011310019ee00090e001416001362002afd001b880017920004a5002157001dc3001e66001414000be100101d0017a70022b60025b300199a002d22000ada000af3001404000ad7000b7a000e41
    1	    4	    1	0020ba0031e20023ef001b6d003700002b35001e4f002e140020ce00264e003b260016b5001e9e00286800349b0030450024430030f0001e22001e1b002707001c81001e6e0022070027f0001b1000215600123f00196c00235b001b64fffc33000ad20010d40015ff0001c9001284000455000c77000dac0013920001980004a6001b0d0002ce00142a000b17000e750001570012d80010540009f700084100034100191efff76d00041a001604000700fffd6f00135800061b00174c000c89
    1	    4	    1	ffedf6ffec8cffe74fffec1ffffc92ffde5bfff653ffe140ffe8deffefc8fff2a6ffd6b9ffed30fff7ceffe967ffeb15ffe3bdffec56ffde1efff307fff4dffff5b5fffd24ffeae9ffed08ffef6efff6eaffe5d3ffec82fff1e1fff8a6fffca5ffec80ffe33affff9dffedc3ffef04fff29fffec07fff740fff066ffe8a000006efffa47fff49afff1ccfff411fff845ffea8ffff3f8ffef44ffe1c9fffd11000a0d0005f2fff6d1fff60cfff9fafff71efffcd5fff4defff187001166fffa9d
    1	    4	    1	fff146ffdcccfff03f001719fff6e8ffe31700033dfff996fff02cfff7fa00038a0007c9fff33affea5cfff1530001b7000011fff3d00005bc000117ffe757000299fffb86000393000bb4000160000900ffebc70003dafffa690002f8fff017fffb04fff328fff599fff72700042cffeef9ffe791fff980fff7d8fff5f2fff25effe75bffea12fff2e6ffe4b7fff961ffdfdbffe2d0fff932fffb6dfffd2dfffd33fffd2afff68dfff750ffedb6fff7b20006d9fff5cefff241ffecce000097
    1	    4	    1	fffbc4fffc9200070dfffc83ffffe0fff66dfffaa9fffa9a0008f8fffec2fffc8a0000b50017a6000288fffc870007fbfff3390016840006a4001bcf0012b1000f5500151afffded000a1c000236000cf4fff35d0019b8000513000a7cfff6ab001e2a00112c0015a10023e50028b60026890010f3001568000e0c001262000f6a00141d001f1a00162c0021ff001d6500325d001a04001598001d13002bab001e6d0017540022a300106c001e180011e6001dcd001598001adb001dac000f2b
    1	    4	    1	000000000000000000000000000000000000000000000000000000000000000000000000000000000000000000000000000000000000000000000000000000000000000000000000000000000000000000000000000000000000000000000000000000000000000000000000000000000000000000000000000000000000000000000000000000000000000000000000000000000000000000000000000000000000000000000000000000000000000000000000000000000000000000000000
    1	    4	   33	000000000000000000000000000000000000000000000000000000000000000000000000000000000000000000000000000000000000000000000000000000000000000000000000000000000000000000000000000000000000000000000000000000000000000000000000000000000000000000000000000000000000000000000000000000000000000000000000000000000000000000000000000000000000000000000000000000000000000000000000000000000000000000000000
    1	    4	   33	ffcedaffcc07ffdf46ffdf8affcda7ffdc99ffd212ffc1e2ffe36cffdad5ffe4b5ffcdb1ffe6f4ffe692ffe6e6ffda41ffddcdffe39fffed5affdd4fffd62cffde85ffd6b7ffe71bffe375ffe9b6ffd21fffd790ffeb16ffd512ffe499ffd8b9fff074fff1e5fff180fff8feffe08dffef67fff93efffb0effe5a6ffec97ffe81bfffa7bffeac8ffdf3effe7e8ffe6f1fff015ffea79fff5fcffe511ffefc4ffe42bfff783ffdb2fffede3ffd98cffe7fbffd61affeb98ffebe8fff64fffe09d
    1	    4	   33	001aba00173b00121e0003140017630010330019b20005f4001288fffd9d001609001fe3001390001482000c7a00165b001a4f00154b0005da0013d1002fdc00029b000d7700124b000cdb0018240012db001130000672000f6a002461000eb30022e00017bb00212a0014380017410025b10018e6000ac20029980027b500110d000f0d002c5c0028dc001b2a001cd3001b850007bd0033dc002a1b0007f8000def0015ff001cdf0020c500160e00118b0018fa001528002b3e001e0b00242f
    1	    4	   33	ffee1afff785ffe65cffeee8fffc4fffedf5ffe858ffeccefff488ffefdffff909fff293000184fff4bafff4b4fff191ffe3e9ffe749ffeecaffed4fffde04fff2fdffeec5ffed6fffe1a7fff08effec4dffef54ffea28000986ffe677ffec65000aa2fffdcbfff99a0001240019c30015ab00102c001a0c00085c0007870009cb000c47000d78000c74ffff4efffb71000849000597001384fffb11ffff6e001a6300118d000a37000bb7000c7c001d2b00055800049c00010a000a8d000a79
    1	    4	   33	ffde5cfff90bffdeccffe612ffe291ffed55ffe8beffe066fff58cffe713ffeb21ffdb45ffe0f0ffef74ffea92ffe9eb0002b7ffe1d3ffecc8ffddc3ffed2efff631fff88bffe005ffe369fff2c4ffea61ffe0e4ffe1feffea16ffeecdfff1cd000b40ffe08bfffad0fffc50fff22ffff88bffdd68fffd66fff20afffc31000219000547fff0c8000fd0fff1580002cffffc6ffff639fffabc000ba3fff3c4fffb31fffc85ffefdfffee1dfff0a20000230001cefffab2fffa5600121900008b
    1	    4	   33	ffebacfff4cffff97efff430fff117fff403fff15effeb1affeac2fff0cdffe719ffe7a3ffffdaffefbefff5f8ffebfdfffb09fff8e7ffde86fff203ffff76ffee35ffe5b5ffd6efffea9ffff938fff39fffedb2fff50effee1afffe0dffea0bfffc58fff46f001414fff844fff993fff1a5fffea2fffd6cfff400fffd15000361ffece3fffaaafff12e0001c2fff9470004a9000255ffecc0000c2d000626000719ffed55fff42b0002a3fffc14fffdc7000548000c2200037e0003d9fff9f7
    1	    4	   33	0019bc001c83002048002498000bb1ffef830015fc00107a0010ba0010050005bf000fff00176e0008180010f00022f10005670024bb000e3600145f002e98001b3b001c93001fef001255001b90001583002f0c00218c000de4001ae1000bc30002c0001cf30019aa000ece000453001081fff55000014000092a001d4d00130b001355000a9c0017820020a6000d6b0002490016a9001aa6002797000e2800163d000c53000823001ad500208e001843000a4e0017960004fc001d1d00053d
    1	    4	   33	ffeb4cfff0abfff302000332000e4dfff829000fd8fff512fff09affec25fff71bfff717fffd6cfff9a0ffe942fff647fffe530003cbfff3b2fff0470003e8ffef8ffff20dffe7a7fff025fff638ffeaeffff362fffa84ffea94fff525ffed6f000860ffffbd0010ea0011b00001b700038900079c0012d40001b400016bffeaf3000d1ffffe34000be0fffe3a000c6b00019900163f0003f6000a67000db8000fc10002450005090007530019d6000d73fffd080000acfffbc4fffb3b0002bb
    1	    4	   33	00095a00026f001902ffee10fffed1000695001468fffee2fff8ce0006750012c50003adfffcd4000b840002a8000419000b5700056b000866000bf30008e4000c3dffff23000329fff4fb0010c400011bfffafe001ddc000028000541000a65fff58afffdfd000804ffff1a00061fffff0bfffec0000d40fffb02fff555001411fff159fffcfefff6120000ce000dfb00060ffff181000a00fff7f30008660000410012af001c09fff6570007940008610008c60012d8001214fff7effff54d
    1	    4	   33	000e2000153d000a28001ea60012f100168b0015680014a6001f6e001085000c27001235000862000faa000aa00017e100076b001763000e24001de100007e000edd00146100210b000ca50014fc001d450017820017a800126e00058d001cb10000960011f300080e000b4a00043f000b45000d86001124ffefa60011e9001bb1fffb2d00168000081c001cc20009070012fdfff413fffa96fffd1b0005fc000e55000837ffffff000421fffa280011fb00086e00086200050a00052100104f
    1	    4	   33	000cfa00095b000d5400055e0019c7001bb50006a2001d7a000938001dbf00117f00109f0020ea0016140011380006ad0011e700040f001d600018eb00093a00201b000e65001a9d001b17001bf6000a5f001b1a000e22001466000fef0009ff000df6000ee900157c0010640006630002a3000a50000ad800055a000499000c0d000e85fffeec000c7c0006360015b7fffcabfffea70005c20000b1000062000f5d00103500045f001063fffb7c001c910014de0008d800164000125300091d
    1	    4	   33	0005b4fffa2300067c001522ffef710005cb000444000590fff05600020700120fffeb7d000d58fffc10fffac0fffc13fff7130001a5fff918fff767fffdecfffe6b0002c1ffecfffffbe7fffdf8fff255000412000234fffc4afff76d0000850016b600091100070e00048cfffdf30005ed00037a00031c000f94fff98b00074d0000f3fffafcfff98e0008e0000c6bfff4290001590001240009690006b80006c7fff82b000a1dfffa710005e20003ef00063cfffb580000c6000589fffcc3
    1	    4	   33	fff71cfffff5fff5c6ffe324fffb71ffe575ffeebefff850fff1e4ffede70004f1fff5eb001130ffed7efff18affefb5fffaf3ffeb27ffe90afff3dfffef7200059dfff477ffe6d9ffe4ebfff7fefffb7dfffbccfff5de0002f4fff59dfff62b00195c002099000d920005ac002a6d001817001488001ff6001f1a001fd700096f000b0d001616001d1c001334000efd001aed001657000962000f79001dc6000cdd000891001071001ec9001f320008ef000ad6000b50001f54000e930016d5
    1	    4	   33	0011b0001815002a440022ba002b1b003423002ac00027d4001f5800323500207300233f00241a00355600275e00210f0027450035830037b60024430035c40020170024f5001ea50026ab00284c0027d100222c002e14003ac80025550026b3fffada0016b3ffffae0017aa0015dd000f2bfff3bcfffe64000712ffff8b0009b50007470017920007c6000fa4000d3d000847000bdf0020ee000e95000732fff87d0000d3001b21001b5f0007cc000435fff0f6000162fffeccfff329001021
    1	    4	   33	fffdfcffeb69fff572fff608ffe215fff07dffe58efff9e2ffee9affe57bffe9d5ffedddfff29effdce4ffec6efffc43fff60fffe937ffea1cffef7dfff168ffde83ffdbc1fff98fffed61fff0c0ffec27ffe012ffe088fffb04ffe75bffef49ffeb0600083bfffc84fff592ffef13fff7f7fff4e6fff3ccfffb90fffcdd0009ddfff7affff92cfff01afff37efff907fff815fff95dffec5affed69ffe4780000edffe8d3fff1c7fff679fff8b6fff935fff932ffe1b2000b18ffef87fffeef
    1	    4	   33	000c14fff803ffffacfff36c0004f1ffef47ffff60fff354000342ffe3cbfff91ffff8cdfff7f4fff0c4fff1b8fffef1000913fff67bffea880006eb0002d8fff2e7000a6ffff28f0004eb00039effe1dd0001aefff62400077cfffabf0008fffff7d2fff06bfffb3afff014fffe8ffffe47fff3b0fff8c0fff5f2ffef97ffed33fff1f9ffe99cfff7e8ffec2afff553ffefc9fff891fff52cfff359fff444ffe5cdfff475fff72dfff08ffff722ffec97ffebf8fff33600092efffb2ffff5cb
    1	    4	   33	fffe28fffd7d000fb8000b940011c7001385000a66000d76fffde2000e99fff15bfffd8b0011b6000f0e000a7e000e0700069f00041b0006ba000db1000ea2001861fff5ed000293000b19000338000093fff9a4000b4400043e000beffffd99001362001047000d42001ace0020a500161f00161e0004b0000e00000b930013eb00081f0017fa00135a000aba0010870011bb001c93002b440010eb0016d8001d8f0019c30023ff002319002aa8001d8f0026ec0023d00009e000197f001eb3
    1	    4	   33	000000000000000000000000000000000000000000000000000000000000000000000000000000000000000000000000000000000000000000000000000000000000000000000000000000000000000000000000000000000000000000000000000000000000000000000000000000000000000000000000000000000000000000000000000000000000000000000000000000000000000000000000000000000000000000000000000000000000000000000000000000000000000000000000
    1	    4	   65	000000000000000000000000000000000000000000000000000000000000000000000000000000000000000000000000000000000000000000000000000000000000000000000000000000000000000000000000000000000000000000000000000000000000000000000000000000000000000000000000000000000000000000000000000000000000000000000000000000000000000000000000000000000000000000000000000000000000000000000000000000000000000000000000
    1	    4	   65	ffdf04ffead3ffee60fff3beffda64ffe0c5ffe180ffdbdeffeacbffddc2ffd53dffe945ffe935ffd281ffdbcaffe775ffccf5ffde49ffe9a7ffe66affce73ffd74bffd4fbffd537ffec53ffc60dffd650ffe010ffde45ffe655ffebe7ffe017ffee0effefefffea5cfff030ffeb46ffe957ffedbefff2f2fff0b7ffe20efff5fdfff67dffdedfffee57fff520ffe50bfff5f9ffeb3dfffb1dfff1eeffecf1ffe74dffe217fff943fffa23ffe8d5ffdd94fff0a8fff8abffeecbfffc0bfff2f9
    1	    4	   65	001674001313000a58001ffc001182001143001610001c4600143d0014720013db000c09001df70008010010b8000f270027a9001cb3001b4b00018e00131900107900170b000fa900036d001ea9001e3200113800061b0008490012830013f30013880016830016e2000f3a0014440027eb0022720027de001ec1001746000bf30030e7001a57001d130023ee001501001d250027f9002065001d860021b1001fa9001eb5000e5b002da90024d900193a00230c0007e50015c50014e9001ea5
    1	    4	   65	fff344fff041fffa6cfff21efff3defff3affff614ffe560ffecedfff276ffef93ffead9ffe1d5ffd91dffedb6fff2c3ffe91ffffb71ffd88bfff682ffe4a3fffe5bfff553fff759fffadffff369ffe682fffac8ffe695ffeb19ffe38fffe881ffff64ffeafd00150000053cfffd3afffecb000c0effffaefff6210001660000cdffe745000a73000411fffe6400082f00114f000a0d000c5f000ef6ffff4f0013a3fff2ff000a03000de30007e9fff498000ffe00092ffff0e1000821000d39
    1	    4	   65	ffec8affec9fffef48fff7dcffdee6fff155ffda4efff1dcffe1b3fffa22fff1b7ffe27dffe935ffdee5ffd672fff3b7ffe1d1ffebe3ffe667ffcd02ffeb9ffff01fffe2bdffebf5fff80bfff13bffee32ffe6b4ffe907ffdd67ffe129ffdd55fffd86ffe975fff02effef54fff1d0fff171fff62a00003cfff143ffe418ffdfa7fffa57fffe1dfff683fff796fff357ffefbdfff82fffee73fff334ffea0f0001cfffee6dfffe95fffabbfffc7ffff2c8ffee66ffe5c1ffeba900073fffff17
    1	    4	   65	ffed9affec49fff1a0ffee9efff9dafff695ffe608fff454ffe499ffeb64fffebdfffda7fff435ffea53fff50cffed17ffeb9bffedbdfff2d9fff75effef83fff1b5ffe763fff1ed00072ffff1b5ffef60ffe280fff57fffe50bfff799ffe433000746000181ffebecfffbe8fff5360008d7fffb30000396ffed47fff442ffff57000453fff5abfffed7fffd5cffed37000057000041fffcf1fff29a0006bb000d6b000215000643fffacd000a7bfffb8400122cfffa63fff35dfffa4d000a79
    1	    4	   65	0015080011a5000c2c001c8a0011ec000ca9001266001a1a001fe700207c000a23001181000baf000293001994001961fffde50027b7000b3d002028001b9d0005cf0020db0011df0010ad000e03001822000b480014a5002967001943001a8b000b340004270017dc00227c002128000e090019da000738001c8d0014c0001aa90008430018b500165b000b6a002e8d00104f00136500245f001b6a001e0700119f00047b000fc90018f3ffff81001106001c6e000b190012c7001383000d31
    1	    4	   65	fffddeffefd9ffefdefff2c2fff19afff8a100017effff7afff6cfffea0affec0fffdf1bfff2a30000d9fff98affee0ffff7a3ffee03fff087000182ffe3f3ffed93fff131fffd45ffe8ffffee95fff34cfff2c6fff711fff36ffff37dfff1b5ffff4cfffa15fffa3600167cfffdaeffee95fff7d4fff5c0fffdc30006a20003b5000f69fffa63000a3b000460fffdf7fff7a5000a2f0010650009820001e7000495fff23b000505001403fff253001186fff67cfffeff00130f000fd3000cb5
    1	    4	   65	00034600030f000570000aac000e540016150000a0000d1200052ffffdec000879fffbef0008e3fffb17fff698000ba9000ae1fffc7dfff61700075c001bc300138300078100058900046bfff475000dc200120a000229000883000b4500064ffffae60000510009dc000c6afff99800058f0007d6000d7c000a3500127e000e19000847ffefef0017eb0014a8fffc79fffce700065dfff6270000fa000aa9001c31000dd7fff59300193dfffc9b000e8e000da4fff60300151900055b0009cb
    1	    4	   65	0027220001fd000f220015f800101e0017bf00255a0011660001dd000eb8002437000869001ca3000b93000f420010eb000c99001753001329000de4001f59001855000dcf0012510012bdfffde1fffe1e000fd6000a610016850017530022f50001d60001b90012b8000a62000fdc00051f00009a0007e2ffff7d0017ce0001850003270005d5000531000f0c0009ab0009390003d5000df30000f6000c1900057b0003eb000e21001c65000a7d00055e000a1000040b00096b000bb5000a8d
    1	    4	   65	00056c001961000fba002474000dd4001c33000d000013a6000dad002446000d250020db0026c500138d00045600137b0011090014ed000a6b0008e00012d1001147001ec700151d001a6f0004ab001dc2000c42001099001b13000d47000e2dfff36effef0b001a0efffa1e000164fffa5dfffef8fffddcfffa430005c00012bf000e0d0019abfff5b1fffccafff5ef00024f001443ffff21fffaa6000abd000663000cabfffcc500118dffed4f0009f8000266fffd9d0006510006fd000231
    1	    4	   65	0016e0fffaf7ffe4360001c20002600007d9000a2a0008f00013ebfff410000d2ffffcf9fffa01000f0d0000b0000775fffdfb0006ef000f4f000020000a950005230006850004d1fffa17fff989fff4c8fff9800004dbfffa5f000d5dfffcbffff93e0006af0003ca000fae0011ce00076bffff7600098efff99fffff70fffed7fffdc30004b1fff4d3000c62000e7f001445fff94dfffec7fff6eafffb51fffc01fffe6b00054f000dfd000e53000ec2fff61cfffac70001d900098500125d
    1	    4	   65	fff778fffe7dfff536fff694ffe8f4fffb07fffd76fffd8afff143fffa04ffe719fff097fffee3fffef1fff5eaffe6ed000163ffe6cffff25bfff930ffe9fdfffdd5fff037ffef25fff8b3fff2d5fff6d8fff79effe51dfff0df000049fff351000c920007cf001ea20015acfffd82001477fff9800010aa001875000c06000b6d000215fffb8f00288b000f38003387000f1d001b69001c0d00054c000c3500110700126700191b001581001cb70014780011660021eb001dcb001145001339
    1	    4	   65	001dfe001ffd00147c002b9c0030d4002c3f003422002b30001f8f0028aa003e4300238d0024030025e3002aa4003bdd001197001abf00230b001fd6001ddb0025fd00387d00258900267f002a59002c4e002328002aad0022f50038df001afd0014c0000c0b0019e20017900007de0005d30008740007ea0014c3000be6001a67001377000deb00099900004c000fcd000a610015f3000ab7001858000769000e9700073500014100123f00057d0001b600133c00002500172f00048b000a01
    1	    4	   65	ffe22effeccfffeff4ffe2e4fff38cffe7f50015c2ffefc8ffed7dffeb9afffb87fff4b1ffedb3ffee7fffed160000affff497fff12dfff1abffe5f0fff05bffe75bffe541ffddbdfff7d7ffef21ffea76ffefb2fff3adfff385fff13bffec09fff7c0fffaa9fff318fffa82fffb56000713fff85effeae8fffbd30007c4fff345fff7fbfff507fff1edfffeb4fffc55ffedb1ffe85bffea7dfff49cfff117fff133ffeb6ffff5c1fff083ffeec7fff802ffe814fffa85ffe03500019dfffa93
    1	    4	   65	fff3fefff8e9ffeb36fff45a000d42fff2b5ffeffefff4060000d90006f8fff655ffed7d0011b1fff897ffe61efff723fff3b1ffecc5ffeba3fff04afff3a1fff7b7000297000551ffff61fff8b9fffb36fff8b0fff79d0000a5fffdf5fffa1ffff99afff0ebffe812fff92effef86fff901ffe926fff3b2ffeab9fff366ffffd3fff3e500032bfff135fff052fff8efffe709fff1ebfffc49fffc46ffef6ffffc1dffe6f3ffe75dffdaabfff247fff38a000814fff1adfff525fff33dfff3cf
    1	    4	   65	000a3e0002d7fffaee000eaa0019c000108500080c000516fffbf30013660019c1000171000889000ca70001ce000539ffff210004070020170006b0000c4f000e410007110004c9000f7f0014b9000bec000aaefff42d000759fff44d001737001bda0024910026080021f8001e2600219d0008540020ac0019e700104c002289000bb50017e7001b490017d20024e5000bc100191900176d001000001c530010ed0020e70015cd0025990018df003238002408000c83001627001e2d000ff7
    1	    4	   65	000000000000000000000000000000000000000000000000000000000000000000000000000000000000000000000000000000000000000000000000000000000000000000000000000000000000000000000000000000000000000000000000000000000000000000000000000000000000000000000000000000000000000000000000000000000000000000000000000000000000000000000000000000000000000000000000000000000000000000000000000000000000000000000000
    1	    4	   97	000000000000000000000000000000000000000000000000000000000000000000000000000000000000000000000000000000000000000000000000000000000000000000000000000000000000000000000000000000000000000000000000000000000000000000000000000000000000000000000000000000000000000000000000000000000000000000000000000000000000000000000000000000000000000000000000000000000000000000000000000000000000000000000000
    1	    4	   97	ffd611ffd579ffd31cffd9f2fff4ddffd492ffea0dffe65affed64ffe0abfff321fff108ffe2c2ffd676ffcea8ffec5effe8feffe5ebffdbdaffd91bffc811ffd896ffdab8ffcf54ffdb48ffe06bffe654ffdb48ffdf19ffdc64ffd696ffe12afff98bfff567fff012ffea72ffe6f5ffed0000046dffec2effe17c000407ffe397fff550ffea6affe1caffe944fff6d4fff5d8ffe0efffee84ffeba3ffe9d5ffe994ffe1ac0001e8ffebc0fff889ffecdcffda90ffebc9ffdf90fff95cffef94
    1	    4	   97	00161f001323001dae000cb00011290008c80002fb001df000124c0018a3000b53001202000a44000d9a001258000bb40010e4002501000bcc00147700252900153200185c000d64000e12000b9900177e001b1a001da50011da001c1e0012dc002131000e1d001332002e46002a2f0024ae0028c300206a001ba600205f001bf1002304001dc40023f8001a5c00210e001b82000f23001464000f610017fb0019b6001750002ed40018440018a1000c5e002ba80025cd001d86001a7600116a
    1	    4	   97	fff09bffef59ffed5affec86fff49ffffa50ffe52bfff240fff408ffef85fff23ffff282ffef18ffebb8ffe87cffe8caffe9d6ffe4e5fff7eefff98ffff621ffe966fffd88ffef38fff1f2fffe3bffda72ffe394ffe75fffeedaffec26ffec960008affffbbd0010ca000c3cfffe570003c60002bb00148e000d4e000553fffeef0006e8000a120001b200094a0005be000dd200115500059cfff427000871fff90000146e0007c200119a000c01000200000d8a0012a9ffffc8000a50000a10
    1	    4	   97	ffde6dffe9bbfff02affd4a8ffda97ffe084ffe697ffe9e4ffe694fff435ffe491ffe34affed5effd8ccffe444ffdf5affe090ffeb8bfff6bcffe793ffe8cfffee98ffec66ffe72cffe53cffeb35ffefc2ffeb18ffe7e5ffe6a8ffe3f8ffe346fff6b9fff5e90003600005a2ffdebb000ada00013d000142ffeba8ffeef5ffe34bfff59cffebfa0001b6fff036ffff9cfff854fff74bffe558000a5300070ffffc5cffede00000f2fff698fff1a1fffff2ffee1800082300074affea02fff330
    1	    4	   97	ffec8fffe34dfffabafff4a6ffed4fffe1beffff9fffe4fefff008fffb25ffee6bffe9bafffa8efff35afff2c4ffe964fff908ffe83fffeb4afffbfffff195fff942ffed50ffff78fff03cfff5bdffe174fff11effddc7fff640ffeb94ffef5efff0bdfff92bfffad6ffface000415000928fff3c1ffeb20fff4780017fd000f550003540006ceffffb40010daffff1600164efff815001238fffc21fff68d000130fff73400035efff9c4fffc7bfff4d6fffbd40006d5fff8e80002a2fff0d6
    1	    4	   97	ffff97000ff50006ac000e140014f7000ea80009d9001c64000cba0013f3001697ffff860006fc0013dc00302c001d90000484001613001972001fb7001561000ce00016dc000d4a0015820017a7001e8400218e0009a3000a940017d20016f20013f30015910009ee00193000180b000efe00128d000f42000b8c001acf001aeb000402000738001dfe001e4c000aba002008001189001d1a00130100180f0015640001f8000fc0002092001d5b001902000a98000e3d0010f0001056fffebc
    1	    4	   97	fff50fffeb19fffed6ffedeefffcb9fff832fffd61ffedb6ffeaf0ffedadffe805ffef2efff612fff10affffbaffee7cffe794fff175fff800fff86f000345ffdf58ffee22fff44effef02fffe7ffff612ffe406fffab9ffe9a2ffee64ffef86001401fffe1b00119400058cfffe3fffff70000387fff8820002b200034f00073ffffb04fff6d0fffd1600141a00161afff6040007550003aa000e730015a70007a2000a140000a20004400004690008f20009c6001845000fa4000c9800026e
    1	    4	   97	0003e7000e6d000f7e0015500009e5000498fffd2f000634fff49a000f6ffff58700083a000b9e0002a20002a6fffcbe0008ee000b43fff54a0004edfffb2d001486ffefe8001568000c48000361fffccc00050c00045d0011b80008b0000824fffc1bfff98500110c000822000e310007bc0000cffff636fff94e000055000f2dffff260010c4ffffc0fffef60001620002be0001f50008b000162f00076900047a00006cfffe12000996fff72f00001c000fc2000a4100044afffb68fff4a2
    1	    4	   97	000cb30006bf000f4a001a9c001af300259a000c810012de00045e00110b002333000ae200228400124400210200265400108a00178ffffe6c001a47000e270013ea000e5a002240001f58000acf0010f60028da000f4f001176001ca4000970fffe7ffff44f00155a000c2c00026b000534000cab000ea8000452001fcf0016b70004cc00010600149e00113e000288000382000c77002468000adb0004b50004020019f2fffcf8001d2000090900045effff36fffc07000ed20010d80012ee
    1	    4	   97	000f4b001053000204000f5000218500047a0008f70016ac00156a000fbf000477001702fffb66000cf6000a94fffbb20019340013a5000cfc00246100111d001b22000ac4001df6000caa000aeb000806002fb200143f0012b8fffc300011500014ad000423fff23a0004ac000049fffb62fffb1300095afff6e00002ad00077bfff562000f60ffe78a000a04fff740fff2d6000415fff99e0006550001ab0010a8000ed60008fe000096fff53f0002a6ffff00fffd7dfff16c00077000080c
    1	    4	   97	fffdb1001685fffd940006860002d10006a600024dfffe34fffedc0006a9fffbadffffbafff94a00098c001032fffd9c00090a00002b0007fe000f59fffa8100006cfff7f4fffc72fffaf4000071000d32fff592ffee3d0000c2fffecafffb1efff7330003b9fff88e00028a000e350001a0000d4dffffd800097afffdd9fff7df000aaefffeb80003200028a0fff956fff97a000839001612ffff1900025500026a0004e8ffff8400015afff0bd000c260005d40005010005be000fde00058c
    1	    4	   97	ffe975fff4adffe22efffa18fff3f1fff79effe585ffff1afff7d0fff6ddfff73bfffc96ffeca8ffeb36fff970ffed5effed5effed71ffff04ffeec7fff9b1fffb08ffe23afff7d6fff04cfff821ffff16ffedf6ffe281ffe20effea58ffe16a0013d1000f9700167000111c0016a90015da00160d0004b6001a18000d85000b31000d9a001f8200142000086a000bca001c66001a2100195e000a6dfffb17001e2000163e0019e80028040015e9002a2e00186e001cf700121c0013ee0012f4
    1	    4	   97	003241001d9b00286600262a0027170020c6002c43002444002916002a45001cd700315c0030c00023340038dc002462001774001605002b64002193003037001e8c001eb20021b80027c2002c43002342002a0200279300243c003a46002ff40018a3000b1b00134e0012e8fffceb0013c200080b001860001cb600136b0004bd000914000040000704fff6920002d0000f78000e19000f1a0014630017e700160600015e001796000780000e2b00227e000db6000723001b340007180008fc
    1	    4	   97	ffeee1ffe523ffe0ccffe29efff6e9ffeb64ffe4bfffe5e4ffee34ffde8bffefebffe47cfff066ffe682ffe630ffeb72ffe28cfff971fff2b8ffee65fff429000b20fff2b0ffec0cffe086ffe0c1ffee94ffea12ffe98fffec88fff17cfff4bcfffae9ffeef7ffef18ffee7effee2bfffe4effedf9fff970ffe152fffabb000383000098ffe65afff1e8fff0aa0000b4fff70efffe13fff316fff349fff643ffeff0fffbb8fffd920000d0fff115fff12effe2ccfffcc1ffef20ffe908000712
    1	    4	   97	0007a1ffff15fff6e0fff63cfffedffff4f8ffe57d000268fff0a6fffa41fffc9bfff676fffbb2000878fffa0200036cfffe72fffb29fffd34fffb49fff9c1fff0f0fff9d6fff8a00006c2fffbf9ffefa60001a8fffd4dfff8d80001f6000c06ffed2fffdf27ffea96fffe86fffefdfff5aafffe87000954fff65afff45300005bffee56ffeab0ffff60ffede20000b0ffea34ffeec1fff86a000a17000061fff778fff842fff08cfff61cfff063ffe986fff812fff183fff0f0fffea2fff61c
    1	    4	   97	000e1f001547ffedb0001110000f7fffff0a000e69000edc0008fcfff785000e0700018e001c82000da2000cee000b9e001442000db9000bc6fff42700039ffff6aa000c6e000ec200069c000dbd0004700003cafff413fff9e8000084fff1da001ca7001921001940001994001f350019f2001a2d00161000167c00184700093100275e0013680016d40024f800156a000d5a002b7f002818002701000f750021020021a40020560013a80017d9000a92001c2e00102b00218200134c001492
    1	    4	   97	000000000000000000000000000000000000000000000000000000000000000000000000000000000000000000000000000000000000000000000000000000000000000000000000000000000000000000000000000000000000000000000000000000000000000000000000000000000000000000000000000000000000000000000000000000000000000000000000000000000000000000000000000000000000000000000000000000000000000000000000000000000000000000000000
