    x	    x	    x	xxxxxxxxxxxxxxxxxxxxxxxxxxxxxxxxxxxxxxxxxxxxxxxxxxxxxxxxxxxxxxxxxxxxxxxxxxxxxxxxxxxxxxxxxxxxxxxxxxxxxxxxxxxxxxxxxxxxxxxxxxxxxxxxxxxxxxxxxxxxxxxxxxxxxxxxxxxxxxxxxxxxxxxxxxxxxxxxxxxxxxxxxxxxxxxxxxxxxxxxxxxxxxxxxxxxxxxxxxxxxxxxxxxxxxxxxxxxxxxxxxxxxxxxxxxxxxxxxxxxxxxxxxxxxxxxxxxxxxxxxxxxxxxxxxxxxxxxxxxxxxxxxxxxxxxxxxxxxxxxxxxxxxxxxxxxxxxxxxxxxxxxxxxxxxxxxxxxxxxxxxxxxxxxxxxxxxxxxxxxxxxx
    0	    0	    0	000000000000000000000000000000000000000000000000000000000000000000000000000000000000000000000000000000000000000000000000000000000000000000000000000000000000000000000000000000000000000000000000000000000000000000000000000000000000000000000000000000000000000000000000000000000000000000000000000000000000000000000000000000000000000000000000000000000000000000000000000000000000000000000000
    1	    1	    1	000000000000000000000000000000000000000000000000000000000000000000000000000000000000000000000000000000000000000000000000000000000000000000000000000000000000000000000000000000000000000000000000000000000000000000000000000000000000000000000000000000000000000000000000000000000000000000000000000000000000000000000000000000000000000000000000000000000000000000000000000000000000000000000000
    1	    1	    1	fff1e8ffec22fff0a6fff909ffe808ffe843ffe41efff23effef61ffdf48ffe30fffe0e3ffde27fff48fffdcf5ffeaddfff080ffe520ffe784ffebb0ffe015ffdeb5ffed58ffe4caffe423ffd9b1ffe979ffeca8ffebf8fff0f3fff73d000351fffa2cfffe04fffd42fffb95000a90fffc7ffffa2afff3f0fff301000346fff987fff113ffecbdfffda10005ebffff7d00018cfff396fff9b6ffffb8fff9e1ffe637fff954fff1d00008fdfff8c70003a700074cfff8100003a7fff6f3fffc19
    1	    1	    1	ffff26000be40006e6fff5d9000456001163ffff0800067e0008f50007480010ff0009f9001557000cc3000a8d000cbf000124000db4000e7800120affffc30004e1001ba2fffb1800164d000677000ac500065e000480fffe2100134f000b8100023400107a0015c20019530019f20013cb000bac001e6000124100193a00160b00101500064d001f2d001733000923001728001d18000dfc000c7e00144f002289000df200092c00001d001fb7fffcb5000ed4000a5800122d000791000973
    1	    1	    1	fff66600050cfffac0fffba7fff752fff753fff8bcfffcf6fff7c1fff25affffad00008ffffb6b00044d00053b0007c7ffff66fff79efffd5efff190fff261fff56bffed48fffa24fff28dfff6f300028bfffcf8fffbd4fffb4300009dffed8dfffda00009ea00142efff8a50018a600102300068e0006da000d9f00011afff9ad000acf0000f5fffae9000b470001f700068800101600043cfffad8000f71fffd5dfff1aa0000b2fffa5d00052f0007a9000932ffed4e000429000c450012c9
    1	    1	    1	ffe7beffeb70ffeab4ffe5e7ffe342fffa55fff258fff052ffe573ffef78ffe4f7ffeb3fffea6ffffccffff12dffecb1fff294ffda22fffe18ffe7d0fff3abffe9d7ffea0effee4cfff773ffeab9fff447fff00cffeb50ffe389fff5e7fffb73000066fff244fffb62fff275fff7eefff28ffff104fff718fff3c9fffecafffff1fff5dbfffa0bfff3cffff231ffeafb000a7efff46efff5ea000028fffe0bfff6d7fff4b6fff1a2fffe59ffeafdfffbfb000314fffa20fffda7000517000121
    1	    1	    1	ffe776fffe600002e6fff647fffd300002d30002aafff8e0fffae9000542fffb47000003000103fff99300013b00092ffffaacfff144fffd0efffe5afffe0d0004e7fffac2000554ffff73000a0b00047ffff10effedd0fffacdfff3b5fffb01ffebb0ffee8cfff104fff423ffef9effe761fffbbcfff65afffea7fffd86fff4dffff13ffff123fff14ffff835fff1c3ffe89cffecacffff7affefe4fff0fffff111fff088fff350fff3cdffe8a9fff961fffb16fff634ffec9dffee1dfff813
    1	    1	    1	001130000a960004d2000349000e06000c6d001b10000b7e000ae9000d8200019f000d0300114900020f00009f000eb10005de00070e00080efffe3c000e09000c7d00193c00114000055900147f001763000fb4000782000517000b5500086900090e00055200115c0002a100095600059f0007c20011680008db000998ffffbb001733fffa9d00127100153b0011510006c600039afffad0000136000bcd000db9000ad0000cde001465000ac900179700000a000cc8000abb0013c5000eb9
    1	    1	    1	00002a00056400165affe9c9000764fff8210001a00004ecfffc6b0000bc00013b000bbb000bab0006ddfff3c9000e45fff1aefffceefffc6a000410fff919000307fff4ba0008600005930006630006d1fff9f4fff5a80001c1000061fffdb7000e8e000fa6000ede00036d0003c2fffe5d00092e00052e000ae3000bb40010b3fffe51fffb0d00043f000f51000f97001054ffff5c0000fafffbac000c7b0003c9fffab40010ba000587fffe97fff97f0002c4000b2efffca9000173fff88d
    1	    1	    1	fffe2efff9260003cafff5ff0007720002ff000648fffff40003990000fafff6a7fff73b000407fff5c3ffffc5fff7790008480007560004d6fff794fffec9fffda90007400000bafffcc900004ffffb21ffffcafff8f40002b300116f00135f0013d800144c0000f0000f1d001378000a95001cf40006dc000951000ea000052d00123f0017b900177900044f0013f3000cb8000cb40012600008f80017d9000f89000baa00120a00115f0009f500128f000a2800015c001d45001a5d0014db
    1	    1	    1	0010d8001fd200167a0014ef0000fe001ad1000dda000c50000f8b00116e0013b50017ed000b4f000bf3001393000aa3001812001670000fda0004260015310015ad000d8c0022b2fff8e3001ba7001ab30009ca001a4000173700118d00116bfff6b800019efff47c00030dfff4700008d5fffca0fffba8001039fffbe8ffff6dfff653fff48b000203fffa11fff3ff000f26ffffe00000420003a6fff52bfffc55fffb86000040000689000331fffc15fffde8fffb9cfff90d00073d0003e1
    1	    1	    1	00053400074800004e00085f0007b00008eb0006b8000300fffdb70007140011d10004dd001879000413000d77fffe970008d2000698fff978fffbc4fff827fff16d000c9000058c000ee7000303fffd79fffc3effff6afff6230008cf0003670004de000b1400032cfff7a900006efffca500005cffff1e000dbffffbc2fff4f5000cf3000665ffeda1000503fffef10005b0000772fffb80000f3800070d0004bf0009d600047c000065000107fffa51fffd06000f66000b590012a3000267
    1	    1	    1	00049c0000ca00002efffe89000208000a410002320006440001edffffb200005bffffdfffff8b000e4100076700003bfff7eefff9a000009effee2efffb21fff931fffee6fffe160007f9fffca10003750001e6fff5e8fffc4b00014ffff48b000fb400047afff88e000a17001650000c210011ba0015d4000cf3001ca8000613000fcb000555001685000d67000b2f000024000ef6001716000ed60010c100074900078600109c0010a3000e93000afd0011ac000c56000b7d001561000751
    1	    1	    1	fff828fffaf0000144fff6a7fffa6affea87fff338ffefacfff521fffb84fff02ffff495fff3e7fff92bfffc3700078bfff5da00011cffebbeffef34fff42dfff3b3fff26cfff674fff025fff523fff851fff7c4ffff20ffefe7fff725fffbaf0004260002300007fe000b99ffff70001331000c04000ad8000ba5ffff9e000c51001051000815000993000dcfffff6b0011acfffe80000bde0007ae000105fffe83000c64000ce6000a89fff68b000593000dea000648fffb45000197000793
    1	    1	    1	001aaa001322001ab8001821001b20001c8500282c001ad60025ab001f060013d300201f001373000ffd00254f0010ed000e8600229c00195e000f40000fc5001b0b0025fe001d86000b8f0024a3002401001aca001e3000156f0019f1fffbdd000c5800093e00029a000c790005a6000cc7000982000b360004810016a400059b000261000f5b0006f7ffff690008f70008a2000440000576000c56000f810009b9fffefe000d9a0004750006e1000a190001b4001200ffecc3000c17000eb3
    1	    1	    1	ffe472fffcc0fff07afffb5dffedcaffeca9fff15affe53affebe5ffe81effe993fffc91ffef4dfff3b7fff24bffdfb5ffe27afff924ffe96efff692ffec43ffe547fff776fff01effffdffffd85fff10fffefb8ffed72ffeafffff20dffefdd0001fefff46cfffadafffb73ffff7cfffa57ffeb08fff6b6fffc53fff9deffedc3fff43dfff869ffff9dfffd3f000e73fffdc8fffb22fff836ffebecfffb77000989fffbd800026afffde5fffea9fff94900027400015efff579000109fff1ab
    1	    1	    1	0003c8fff084ffefdeffdd85fff0eefff2cdfff534fff3b2ffeb5bffe2c4fff1d1fff123fff00dfff823fff2dffffba5ffecc6fffe12ffef9cfff5defffa17ffe2d1fff128fff790ffff99ffe9fbfff077ffe550fff37afff5abfff209fff2f3fff02cffe87affff82fff67ffff37cffeb11ffeceaffedc6ffe785fff622ffea43ffea410004e5fffa73ffeb01ffe477fff23affe490fff776fff18effee6dfffa89fffc1cffeb68fff7a70001d9ffe027ffeab8fff77effdda1fff049fffd5d
    1	    1	    1	0003da000d6e000d5c0011c50004ac000159000216000c18000c47000904fffef1000e47fff6a30001bf00068300015fffffd0000d84fff74a000372000b010000a500084e0000f00000fd0009f90002affff1180006f00005f1000f13fff4a70007b6001818000c9e000733000950000b1f0015d20011d60027ef0008b8ffffdd000d57000fd10016c300197f00010b0016b600059a000c44000a7200126b000dc70006ec001b66ffffa70013950009030028a0000c38001f0d001eab0004e5
    1	    1	    1	000000000000000000000000000000000000000000000000000000000000000000000000000000000000000000000000000000000000000000000000000000000000000000000000000000000000000000000000000000000000000000000000000000000000000000000000000000000000000000000000000000000000000000000000000000000000000000000000000000000000000000000000000000000000000000000000000000000000000000000000000000000000000000000000
    1	    1	   33	000000000000000000000000000000000000000000000000000000000000000000000000000000000000000000000000000000000000000000000000000000000000000000000000000000000000000000000000000000000000000000000000000000000000000000000000000000000000000000000000000000000000000000000000000000000000000000000000000000000000000000000000000000000000000000000000000000000000000000000000000000000000000000000000
    1	    1	   33	fff173fff732ffe067ffe445ffdfbcfff221ffe573ffe349ffe6f9ffdbf2ffedd3fffb3dffe87cffea72fff471fff459ffdff6fff03dffe886fff741ffec83ffeef3ffe27dffdcd6ffe0e2ffe625fff3c2ffe665ffed75ffe65fffe8edffddb8fff8a7000a38fffaabffff63fff586fff73ffff827000065fff6b3fff332ffff19fff965000030fffc86fffc490002370002a0fff91bfff588fffc9dfff051ffff33ffffe7fff996ffe6defff96b0005befffb55fff0eb000185ffeca3fff2c2
    1	    1	   33	000e450012ce000fff0007cd000706000eddfffaeb0005bd001e87000b3a0005650014f5fffed80009a40005b30006f7000c14fffef90015120002e700022700076f0002e50009040005e8000629000fa600057b000749ffffdd00163900120c0008d1fffcf40011ff0006270006ac000b0b000acb00119f001b4d0003c6000c5d0006df00167c0007120012af001dd1000eec0013db000a96000bc100176b001a3700000f0014600008a80013230003460017d300246d000ff1001373000fde
    1	    1	   33	000693fff638fffe75fffbaffff126000417fffb4bfff743fff4a3fff20c000063000331fffa8effffcefff2b5ffe5dffff70afffd3dfffc9cffffd1ffed69fffa31fff01ffffe6600067effe5a1000b36000177000549fff587fff1b1fffa48000ce3000678fff989001a43000ebafffdd300123b000e750001fbfff5d6000b770014d7000d5600005e0005e1000e97fff484000a51000a580011cdfffc1ffffe310000dd000a62000adefff8090007460006950000d5000151fffc5b000cbe
    1	    1	   33	ffe1b7fff0f2fff193fffe15ffeffcfff137fff097ffe949ffe557ffeb58fffc63fff80dfff39efff33effebc5ffee29fff438fff411fff42affdf89ffea39ffe903ffea41fffce4fff0beffeeb1ffe05effe86dfff3e1ffe52fffe2e9fff290ffeef5fff02afff203fff911fff5e6ffee5f000a71fffe27ffed71ffe988fff3a7fff82ffff220fff0d4fffb5f000437ffeb08fffa43fffcccfff12bfff739fffdbbfff1190001c4fff708fff40bfff1c0fff9f1fff7e7000395fffb1ffff250
    1	    1	   33	fff2b900005afff81ffffa81fffc14fffcad00137dfff0c7fffe67fff126000351fff8d7fff692ffff16fffd1bfff565ffe918000b83001104fffe4900005ffff871fff9e9fff3e2fff696fff295fff4b8fff6f5000075ffff61000017fff58afff9bffffa24fffb9bfff437ffe29afffdf5ffeeabfff00dfff5bbfff3a000035ffff043ffee96fff072fffab9ffefabfff690ffec05fff348ffe94ffff75bfff753fff5a9fff48cfff368ffef35fff7b2fff3ebfff127fff4afffe39b000652
    1	    1	   33	0001dd00089c000bd5000f7d000cb4000daf000e45000e5100050b000b760002890004fb000360000872fffc850013db00015800041900103a000d85000efd000b310003bfffffc40009fe001165000c1c001ecf0002e1000b59000bdd000c82ffffa70008da0011750011f100039a000603000d550011070005650002d0000247001489001454000988000f3d0016230003820016e3000fae000c5b0015290011930003b3000f0e00051800056b00093200017b000c7f000be1000827000b12
    1	    1	   33	fff9810009acfffe5b000d15fffe0afff8bb0008fd0000d5fffd1dfffbac0007f100089bfffd12ffefb8000c770007b30007c60000e3ffffee000f9f0006a3fffd3100021d000d04fffdf6fffb45fff0500008d5fff66700087900063300046e00076b000652ffff3700031f000ba4000f2b000621000119fffdfb000366fffc2b00066d000158000170000a010003390005de000467000694fff74bfffaf90001470005e9000328000722000733000d6c00061d0002d9001d25fffe9d0008aa
    1	    1	   33	000039000272000b950000d30002feffff4300111bfffc2d000801ffefe0000299fffb69fffe82000b2c000a17000bd1fffa92fffea1000460000af700110dffff43000a17fffa5cffff5a000383fff912fff063fffb0d00039ffffe7f0003dc000f7b00155c001bab001b6b00069a00164b000d850009ff000e6f000e3400090f0010a3000d8c00071400113300102b00044600122b0011ca000c830019c3001a85001fa5000dd2000a160014f9000b8600086d00033b00069f00140f001630
    1	    1	   33	000cb7000a960003f500102300174e00149f0012c5001d2f0013330023940014ad001d6b001744000a4c0016f1001811000b9c001e29000f1c000e35ffff9b001bb30008df0014e8002c4800106d0014b200159500123f0006330018a50014f6fff7d5000216fff7e5fff5ab0007ec0002edfffbe7fff7bd0006eb00034800013d0010bffffc020008e0ffffa70004fffffe78fffe15000d5cfff36ffffd31fff8ed00012d0001e0fffb2c000763ffecaa000407000755ffee61000a6700074c
    1	    1	   33	0008b1001726fff441fffa590006940001b50002290009130012f1fffd8800010dfffd03fff9be000abc0002ff000e1900046afff7bd000ea4ffffbb000267fffe69000627000e44ffffd20005dbfffcdcfffe87000a03fffb950006490007d2fffc670005a4000a7ffff693000c74fffaaf001305fffec3000719000c08fffb21000671000414000948fff36b0014d1fff510000ac3000dc4000b41fff7d700036dfffb6f000b0e000a860007970006ccfffe85001057fffdd900012f000094
    1	    1	   33	fff57500056e000fdf000c8dfff726fffb1d000211fff809fff853000d1efffc29fff7d7fff760fff766fffa890005a30005fc000153fff6780001db0002370006d5000b8bffff9400065800011d000bc600072900028b0000fd0009ed000428ffffb10005e400198d0007e9000c8c0000a9000aab00119f00121b0019a8000a8300031500107a00023e000e4d000b8300096cfff1170018940013a9001289ffff23000d19000fd00007da000f0d0008f2000ac50002a50004290003cffff6fa
    1	    1	   33	ffec31fff83efff943ffeaedfffb98fffc4dffeeb3fff721fff685ffeceafff6b5fff115ffe9b2fff4b4fffecffffafbffeddcfff0fdfff568000023fff8affff243fff663ffe406fff628ffecf3ffedc0ffeb87fffa13ffe729fffb27fff7b400051700077e0007610003ff000ab60001ab00034d001587000d7f000d6a0007250005890006580006d4fff8b50004ab0008f60006e3fffbe00003c1000e3b000715000c8f0002fa00002e0013b1fff8ec0013b7001267000481fff8bf000322
    1	    1	   33	0021930015960026b3000edf00177e00269d0019cb0028e70020090019660016cf00206b001c3c00222e00222b001d0d000dc200268b002590001e410020cf000689001b11001a9400227400168f0016fc00147500125b001e43001c99001d60000253000a8000088dfffdebffff56fffcfb000a53fff917ffff0700062c000e29000e0f00045a000f080012d1fffd8b00052000069d0008e2fff577000529000d3bfffbf9fffa2e000b7e00037d000c1c000307000855fff8d70011dd000f40
    1	    1	   33	ffedcdfff9d0fff199ffdf75ffe824fff64ffff331ffe86fffed0fffe1e0fffbdbfff1e3ffe3f8ffec78fff935fff6c9fffc38ffee85ffeb2efff3a3ffef97fff2fbffeed7ffe7ecffe43efff65bfff1a8ffeb27fff1abffee9dffef93ffe63c00029ffff3a2fffb67fff93d000882000717fff39d000423fffa07ffff84fff5cffff7fb00022cfff5f2fffb0ffffc5bfffae0fff3c9fffcc4000335fffc7bffff7dfff2590001f6fff8d4fffb89fff2f4fff76100008700022bfffc79fffbb2
    1	    1	   33	ffee37fffbcefff7fbfff0bdfffb44fff5cdfff443fff645fff199fff570ffeaeffff653ffe916fffc58fff655fff34bfff97efff387ffef54ffef31ffe9cdffeddf000101fffba4fff726fff575fff968000011fff0b5fffdc7ffe355ffe8befff3b1ffe7b6ffeb59fff05dffed84fff143fff4d1fff165fffe5fffeeae000695ffe805ffe97afff6cafff41ffffb41ffdfdefff24fffeacafffd61ffe831fff8efffe617ffe868ffe504fffd81ffeb7effefbdfff6e9ffe11bffeddbffeb42
    1	    1	   33	fff2b7000946fffce500106f00025c000871001747fff653fff9050007c4000e770002e7000206fffe3c0002d1fffa7b0004fa00053f0007ce0007250005eb00045d0002e300094200084afff93700068a00069b00076ffff8ebfffe8b000170001a13001442000a33000eeb000f500010f30013270010610011cb00036c00041300118d000a6c00277c001c530012030020960012d50010180018fd001a37000c530013bb0012e400168a00105d00129e0017270015f30022350018d3001930
    1	    1	   33	000000000000000000000000000000000000000000000000000000000000000000000000000000000000000000000000000000000000000000000000000000000000000000000000000000000000000000000000000000000000000000000000000000000000000000000000000000000000000000000000000000000000000000000000000000000000000000000000000000000000000000000000000000000000000000000000000000000000000000000000000000000000000000000000
    1	    1	   65	000000000000000000000000000000000000000000000000000000000000000000000000000000000000000000000000000000000000000000000000000000000000000000000000000000000000000000000000000000000000000000000000000000000000000000000000000000000000000000000000000000000000000000000000000000000000000000000000000000000000000000000000000000000000000000000000000000000000000000000000000000000000000000000000
    1	    1	   65	ffeb2fffe772ffeb4cfff479ffe9b9ffe4ebffdee0ffe813fffaebfff232ffe087ffec65ffeddbffed90ffebd1fff116ffecefffe907ffeffaffedf2ffe9a2ffdf7ffff101ffe115ffea25ffef32ffe5f0ffe76cfff3c7ffe066ffdf73fff31efffbe3fffd0affeba8fffcbdfff593000591ffff42ffe8ebfff0a1fff730ffffad0005350001f9fff706ffe8e1fff6d0000011fffc03fff8080006c20006a8fff705fff39ffff919fff6afffee6afff3e400018a0001990002b8ffebc3fff5b8
    1	    1	   65	000b71000a68000476000a23000f5d000d850007460007f700043d000fce000f410002f5fffa2f000a7a0005db0006b60012e1001bcb0000280013940004da0016d70004e90010e7000a910006840005ae000efafff7490018f400137b000e04001107000a5600130c000d8100117b00083100127600181100100f0014a8000ffb000b250016c500075e000f09001238000d6d001b0b000940001414001ae2000833000da3001067000853000fce0011760009ba000b5f0003d2000bcb000f8a
    1	    1	   65	fff73fffe8fcffe84cfff6e5fff0b5fff613ffea5cfff68bfff11d000226000695000197fff11ffff9eefffee9ffef8affe75bffff47ffea06ffffbcfffafefff82bffee4bfff1efffecb3fffeeefff1f400024cfffef9fff9c0ffff31ffff6effedbb0009d2000eb4001387fffb030006970008a000081d000367000aae000209000433000469fffda600144bfff7b2000ae30012710015c20001c0fff146000557fffc3d001589000959000b700003ce00090efffefb0004f20012ef00036c
    1	    1	   65	ffec29ffe2b2ffeb68ffe3fdffead9fff59fffe320ffe4a7fff113fff120fff1dbffef63ffdfd3ffe2f6ffe873ffe6e2ffe767fff80bfff6baffe416ffe86cfff633fff0d3ffe59bfffa93ffeb98fff310ffeaa4fff305ffeac4fff67bfff80cfffb0bffec94fff820fff8edfff60ffff683fff66a0003dffff6abfffb7afffb6ffffacffff101ffe52efffaf9ffee52ffec85fff06dfff250fff64cffeff6fff4ebfff6f3fffae3fff3edffefc2ffebd6fff6e4fff753fff6b6fffd69ffef66
    1	    1	   65	fffb710001f2fff728fff5b1fff6cd000005000058000c13fff07dffff7c0003850007f70007abfff974fffdc3fff2d8fff2d7fff415fffd36fffa46fff7f6fffc7ffffc35ffeaedfff0f5fffdb2fff740fffa12ffee11fff5f0fff1bbffecc2fff371fff2d4ffeb56ffe18dfffdd7fff691ffee20fff3c9fff159fff79efff861fff59dfff5f50007cefff97dfff01affebebfff133ffe38efffbcefff598fff77dffea0bffef9ffff1d9ffff86ffed7afff1defff8e9fff23afff843000146
    1	    1	   65	000a7900022a000c5c00188d0008bffff605000da600067f00068bfffa02fffe8d00058500189100038e000a530004720015b10007ab00025200036c000ec60008d50004eb0010810009c5000478000b1c000db6001c010001fa00071b0001c2000d7f0011da0009ba0004e500003300053d000d40001003000efb000238000a130000e1001555fffc8200171d0016dc000c0d000ab50000a20014920011ce000bdd000749000067000b1b000c36000ffaffff0e000c730008440012a90011be
    1	    1	   65	fff55300053200033cfff745fff9a10004f100025e0001f700034bfff0e400101dfffae70006bdfffb400006d7fffe60000c93fffed5fff99200018200084a0008f70000d70003750005870007eafff544fffee6fffe1d00073c00013bfff998000c49000e0800052efffbaf0002a5fffedd000f7e000e8f000c270009ee0008cd0013d70006410003c40002f50001acfff9e10000d1000272000616fff534fff8550002f5000943fffec3000b98000f74000ade0001710007a2fff5c9000bf4
    1	    1	   65	00049500128cfff8b00007ab0007c3fff24b000d0afffdcbfffb21000cba00012300073f0013a9fff9e20005c5fff71e00044300004900043a000a34001142000f230005870004a3000009fffe9800066a0001a2000443fffe4efff7ff00020200159500186e000aa2001f1700139b00219b000dcc000993001229000ca6000e0b00075b000bfb0007ec0004cf00010600183d000851001a9c000362000dd8000ef3001be5001479001659000e22000588001c2e0017ff001a6e001f710002e4
    1	    1	   65	0010350014ce002e7e001d9b000a8d00060d001c640010cb0020b1001ac4001777000b2900153d001a2c000db3001870000f05001693000b6e00127a0018fc000ddb00159f001269000f8700165c0023b6000cf8001a97000e64000bff001858000ca5fff2c2000754000929fffe89000999000730fffb45fffb31000a8effff05fffd1dffee67fff5d6000227000112fffb3500062bfffdc2000210fff304fff9c1000935000217fffcc3fffa8a000500ffffd6000729000066fff6f90004c8
    1	    1	   65	000a5bfffa82000166fffb5d000555000a63ffff66ffffe5000e730007160005e70005870006ad000068fffb23000896000f2bfffe51000dee0003f6000f54fff3a300106dffffdb000a9ffffd1a0006bcfffee80000e90003900004ed0006a80004d7000df4fffa3400025300029f00091300034e00000900013dfffeb60006db0005c90011f1fffad40001cbfffdca000439fff7a50004f80002dc00086200084f000fdf000a3f00162d0006ae000950000064fffd6bfffe1c00095bfff078
    1	    1	   65	000fbb00152a0013ba001159000db9fff6c3ffeeb0fff223fff799000a62fffbb3fffaa9000a8b000d2e000b3b00003cfffdbffff0effff66c00099a00029600052d00047d000f750004930008220009fafff698ffed9f001034ffed23000748000f690008240007ba001305000b730001cb00046800109900077f00072800058d00163dfff71bfffb6c000f45000882001be50008f1000af600073c001a3c000fa70010f5000883ffff95001b3c00011400068e000c81001424001105000ee6
    1	    1	   65	ffedf3000218fff73cfff49d000a3ffff9f1fffee4fff241fffed9fff3a0000597fff41bfff99100028efff7cffffb14fffd5bffec09ffee22fff5ccffed16ffe6dffff8f5000055fff401fffefefff044fff800ffe81bfffeceffeb170008e000024d000552001116000f41fff80100046d00176e000d21000ac30009c4ffff5b0002470014c700055e0004550012760007250005fb0005180007980000e2000695000705000d3b000bfd0009880009c800011e000749001a4c00156ffff55a
    1	    1	   65	001fdb001cb800172c001c4300110d0018630030380018bb0012e9002334002409001b190020fb0014f600187f001ae80010c10020f3001f7c001cb0001c20002369001be300268900225900181c0013bc0011a20013d10016e80016b10010be0003c5fffa1200062e0006a10010f1fffd2ffffbbe00019f000393000888000bfd000467000ce100062c000f39000d0a000515000aa100091000062a0004480005cd000d81000c850007e30001ac0019d00005be0004c1fffc620017030006ee
    1	    1	   65	fff473fff0d6fff69cfff893fff653ffecb7fff1d8ffe409ffec59ffeb84ffefddfff625ffe963ffe0c8fff479fff3d8fff221fff0f3fff310ffe820fffa60fff865fff313ffe935fff25dffeef6fff47efff3eeffeac3ffe812000047ffe950ffefb1fff1acfff40e000101fff773000271fff8080002e70005b30005c6000699fff2d3fff799fff7c4000093fff8a600059d0002dffffb54000098000042fff9a3fff17b00003b0000a7fff19effee70fff9300006fbfff7b2000f03fff6fc
    1	    1	   65	ffe3190003a0ffe70cffffb5fffd6dfffb1fffecb2fff59ffff681fff97c0003edfffc25ffeffdfffeceffe36bfffafcfffae7fffbfdffe9a2ffeac2ffe89afff6bdfff719ffed79ffedd5fff3b4fff5d8ffebf6fff679fff2eefff72ffff94afff4d3ffe5aafff204fff13dffee33ffdff3ffe0f6fff32fffe9d9fffa4efffc0ffff639fff7cbfff602ffec17fffd6effeadbffef91ffeab6fff7b0ffe224fff015ffefcdffeeddfffd6dfffa54fff25efff43effe9a9fff38cfff20bffedd2
    1	    1	   65	fffc450012ee0001a2fffbfb0012790002f1000e5afffde1fffc33000918fff8f3000101fff389000494fff98300072e00036100072f000c6a000014000140000277000b6b0005490001ddffea50fff9f0fff9d8fffdb5000376000c99fffb02000c65000bee001672000b33001003000b930014ee0011ef0016c300031200193b00147900132f001eaa0011c9001cca00171300177f001d5c000cf40018e40018ff000733001083001171001996000272001f560012af00098e000479000eb4
    1	    1	   65	000000000000000000000000000000000000000000000000000000000000000000000000000000000000000000000000000000000000000000000000000000000000000000000000000000000000000000000000000000000000000000000000000000000000000000000000000000000000000000000000000000000000000000000000000000000000000000000000000000000000000000000000000000000000000000000000000000000000000000000000000000000000000000000000
    1	    1	   97	000000000000000000000000000000000000000000000000000000000000000000000000000000000000000000000000000000000000000000000000000000000000000000000000000000000000000000000000000000000000000000000000000000000000000000000000000000000000000000000000000000000000000000000000000000000000000000000000000000000000000000000000000000000000000000000000000000000000000000000000000000000000000000000000
    1	    1	   97	ffef0bffe01bfff12dffe737ffe717ffec26ffdf3fffe5adffe5a8ffdee7ffdbb6ffec4effde9cffddacffe3c4ffe9a5fff30effe041ffeedeffeca1ffe770ffec0fffeb37ffe678ffebf5ffe8f2ffe006fff340ffe490ffeccdffe59dffe198fffc0f0006a7fff1a9fffa4dfff81dfff6b0fffa47fffaa3fffeb800065ffff176ffe7b2fff29e0008ec000906fffd97fffb78fffe8900003afff4ffffe614fffd5bfff89bfffb38fff82bffed8a000b560003b4fff3dafff92100055b0001cc
    1	    1	   97	00092d000a93000a9f0008ad0003fb00024e000515000e1d0011d8000769000698fffeb4fffe160016a8fff968000b8d0016540008630003f6000aeb0010640008a1000aff0008700011cd00065c00127e0018520004ae001225000a29001884000efdfff003000b1f000cb70007830009d4001419002155000ddc001321000de4000542000f6c0008f0fffe660010f900123c0010d900001a000c5f000d1600108b000c2f0013800011110018dc000a24000dcefff8f4000893001703001f8c
    1	    1	   97	ffffc9ffebabfff6470009e3fffbf5fff842fffff5fff965fff552fff2adfffc82ffe9d0000170ffe328fff568fff57d0004c0fffea1fff33efff593fffdb0ffeeddfffca5ffe8ec0001c900049cffedc8fff680fff40000080bfffd7bfff8bafff75dfffae50009bf00098100084300120e0008690000bd001188000d2d000a10000a72001438fffc98000ada000663fff552fffce9000c94fffa33fffdb00004d3000e330006fa00050100118c000684000056000a4efffcd9fffa2f000bae
    1	    1	   97	ffe89fffeb8bffe857ffe1cbffe171ffe39400009ffff3ebffe470ffeb03ffef7cfffe8affebc0ffeb3cffe592ffe79dfff2baffee83ffe318fff7cbfff224ffe3c1ffe5c9ffe7d0fff331fff540ffeb18fff3b4fffa2afff2b3fff223ffee6afff9cbfff25dfff7edffef71ffed4bfffca2ffed53fffbf7ffff56fffbbf00011cfff68affff860002c4000298fffb23fff372fffd97fff2aafff691fff81cfffff1000493fffdbafff629fff4d0fffab8ffe528fff402fff7a1fff1c7fff862
    1	    1	   97	fff8a3fff76bfffab1fff45fffe913fffa96fffd57fff03bffffe2fffd6500062affe7e2fffde8fffa9a00039000066bfff752000047fffe62fff5e3fff986fffe3f00058ffff070ffed5ffff2aafffba2000228000a66fff96d000347ffe764fff2a3fff71ffffc2dfff1a9ffea9dfff5a4ffef73fff671fff9baffea51fffde2fffa24fff210ffe9a6fffa06ffe99dfff8180004d5fffda2fffaf7fff2f2fff469fff5fdffff96fffb55ffef9afff35affecdefffcacffeaeffff707fffcd0
    1	    1	   97	000dab0011c1000df5000b97000ab90012780005d3000973001f70fffbc5000ffa0014400004c40006c0001272000c4d000fee000a9f000aa40005bb000080000375fffc6d0013160000dd000f940002b00005780015f20013790012e1001306000a93001675000a7b0004d7fffecd0004fafff82b0008c7000beafff6d700181a000488fff3fe000f880013ce0002eb000bf800025f0006b2000b79001d36000aff000999001782000a09000a580010c2001456000a7c000ab9000fdb001668
    1	    1	   97	00013ffff9e1000c5b000981fff485fff7cefff61dfffe93000e24000f2bfff9acfffc640010ea0001f8000294000857fffe46fffa870001c6000bd5ffff9efff3d5000ccf0002c8000ed900059cfff8aa00079e000f6afff9b5000355fff73a0006ed000987000611000aebffffd1fff8bc0000c30007e3fffa54000e1f00003a0000b2fff7da000eee0004b00006810001fe000d81000650000945000c2cfffd4d000c07000472000d65fff85e000068fff6b6fff9040005dd0009ef000f6c
    1	    1	   97	0002e5fff6b100096ffffacd00019d000370ffff83fffe670012befffe2f001042ffff700002660006c4000d540000a3fffea800093d00015e000313fffe12fff96dfff99dfff4c8fff299fffaf0fffed6fffcf6fff6d0ffff77ffec5d00032e001137000f9300171100026900120b00147a001453000891002732001a01001314000c1a001bc6001fb00018280006f9000cbe000a8b000d5c00087f001626000597000dab00087000128b00183400191c0008a20009e8001ac70008e9001208
    1	    1	   97	001a41000b07001619001489000da9000160001c9d000df9001ac8001aa70009e000192a00169c00172e001312000b65000a54001403000bd200201d001318001607001007001e1a0000b700178000135800120200167e0014f10014b7001d0000075d00104300088300009f000573fff73cfffdfdfffd8b000c1cffff2900047c00051efffd12fff0f2fff836ffffa7fffff600009d000538ffff25fff7a8fff8f3000853fffa40fffe3d000498000662ffff8e00074c000947000b73000f80
    1	    1	   97	000fa5ffff6500055300069300035f000448fff6ed0001990010c0fff97f000292000c86fffc8c000d5c0000b0fffbe700113e000fcffff1ca000ab1ffffd8000617fffbdb0010a8fff13300102c000bd2000a72ffff10000737000805000c160008a9fffc9ffffe37fff28d00028900074cfffd9900027b0009320008b1000062fffe60000528000a10fffed2000dcbfff86e00069b000600fffc8b00066c000541fff6cd000bec0000b5000c6c000162ffff1600040e000ee7fff40b001350
    1	    1	   97	fff5eb000b0f000003000165000d73fffa9600045700009b000c3a0000c900048600043afffdac00016600107e0006a7fffc4cffff850001eafffb9ffff39a0004d5000619000a720003c3fff522fff80e00029c00074600027f00024f0008f8000e1f000b1d0005cb001159000783000fce0018bb000e5d00099a0008cb00048a0007d8001122000c5c000f96000d1f00055400146b000a3a0006e7ffff620012d9000f45000f5a000cc9000ff400155c00114a0012120013f7001091000236
    1	    1	   97	fff9efffefdfffecb9fff0bdffef15fff1eeffefaffff9b9fffb56ffefa7ffee80fff95affec54fffa08fff5e8fff52fffebc2fff1cdfffdf6ffe3b5fffb00ffec77fff75b000210fff367fff18cfff4e4fff2fafff3fefff8e7fffaa5fff69a0000f5fffe11000cd70005310001030009d4fff94d000aa3fffdc800000f0010dafffc480007340005ae00006a000e2d000ddc0003a50013e600141300119000141d0001d100136c0003a30004180012e800057e000ac6fffff9fff347fffd42
    1	    1	   97	002283002a31001c6f0015f700253d00049a0015210014af0010ea000cb50010ec000b4e001cfe000f000020b000203300108a00207900224c001723001bb80011d90020ab0011060006c9000b5c0015280024f800093c001a6f0017e10016a4000e03ffffa300076d000537000a3700075200066b0009e1000e7c00047f00109c0004fe0006860014b0000948000e77000a54001089000a8800096b00094c0005ef000cf50003220005e300035200095000148c001144000a1700132f000726
    1	    1	   97	ffef3dffe5b5fff77dffe2afffeeebffed8afffebfffe889ffee2cffe975fff7e2fff49efff862ffed92ffe29affebc9fff472ffec6fffec24ffec85ffed6efff4f5fff941ffe6b4fffe43ffe2f4ffee26fff504fff2ccfffb39ffe8b9ffefdcffe7d5fffef3fffe85000427fffd7bfff1cefffd6ffff80300024afffb7ffff81a0006240008dafffd320001b400080500015cfffed3000536fffac10002ca00037b000791fffa1e0002a9000854fffd40fffd620008fe0001c1fffc93fff920
    1	    1	   97	fff125ffeeebffed8dfff719fff179fff67affe909fffce5fff2c8fff9a5fff172fff030fff466fff6eafffde8ffefbbffee4cfff6db000044ffeb43ffe3befff7f3fff3abffe118fff7fd000108ffebf6fff896fff5b4fff1bbfff2fdfff10effeaefffe38bfff959fffc6fffe893ffe628fffbc3ffebdbfff946fff3d5fff3f0fff158fff81effeaaaffe392fff247fff6ccffedf5fff38cffe275ffe8c8fff0edffea6ffff2f8ffe937fff702ffefeefff514ffecc8fff5d10002a3fff3a6
    1	    1	   97	0004a500048d000fe100007dfffc3f0008e40001c3fff1ef0005780003c7ffefbe000c1600052e00048e000e4800001f000ca60010b9000b34fffe1b0002100007490001ab0004f200037d00197efffcd8fffad2fffea2000cf1fff5b3fffc1c000cd300111f000739000c8b001bc5000d0e000eab000ccd00108e000021001d4a000a18000980000fa80018f60022a3000d40000cf1001ca40009830009dc002011000a7b001414000f270019f40003d60013880004d8000f99002cdd00240e
    1	    1	   97	000000000000000000000000000000000000000000000000000000000000000000000000000000000000000000000000000000000000000000000000000000000000000000000000000000000000000000000000000000000000000000000000000000000000000000000000000000000000000000000000000000000000000000000000000000000000000000000000000000000000000000000000000000000000000000000000000000000000000000000000000000000000000000000000
    1	    4	    1	000000000000000000000000000000000000000000000000000000000000000000000000000000000000000000000000000000000000000000000000000000000000000000000000000000000000000000000000000000000000000000000000000000000000000000000000000000000000000000000000000000000000000000000000000000000000000000000000000000000000000000000000000000000000000000000000000000000000000000000000000000000000000000000000
    1	    4	    1	ffdf3bffd958ffe63cffd90dffe724ffeb57ffd8e0ffe5bbffdb09ffe0d5ffd412ffe283ffe853ffe7e4ffe28dffdf6bffe10effec68fffa99ffd06dffd127ffd9d7ffe726ffe29fffeccbffe598ffebc4ffe9e6fff711ffe43bffe5f7fff08bfff47ffff506ffe890ffe63ffff1eaffdc93fff456fff57dffee7ffffccffffb60ffff75ffdfa1ffedcafff865fff5affff66effe7a8fff8f1fff9ebffe6adffda2f00026cffe9e5ffeb05ffea26ffe7bcffeb2affe6ddfff1d1fffa9ffff323
    1	    4	    1	0011ad001ffa0006d8000b5f000d02000a2b0015de000e010018b100043b001b720014a1001e1b001f8e000e8d00178900121800031a00123b00095f00178b0001e3001afe00197d0002930021de0007f4001c52000f230002230014690010d70022d5001dba001f5e002a9f000dfe0010950017360015650018a90017af001a4a001d17001ceb001bde001f9b001d1f0019500017e600290f001e7f000c7f0024d9002a3a0007730019af002b3200121c00178c001e15001dbd00211b00179b
    1	    4	    1	ffe049ffe2f6fff50e000035fff392fff7bdfff23affea55fff26fffe561fff1d2ffdfe5ffec23fff97affe59bffdf11ffe8dcfff8cefff72dffe81dfff213ffeca70003dcffeaddffeb39fffdfeffec8cffe900fff249ffff19ffeb9ffffb1b00054f000b2e00120a000725000e8e0001a1000f4c000f73fffa93000505000aa0000b390004e9000038fff277fff9f300024400140cfffe8700061900043d0005f3fffe2e000f1b000249000324000f6e00054c001313000ac30009eb000deb
    1	    4	    1	ffeeefffe690ffe0c0fff6c1fff192ffe949ffe430ffeb35fff1d9ffedaffff24efff76bfff7d1fff366ffee6bffea81ffeffcffd2ccffe7a9ffdf19ffe9a5ffea7dffe82effe8c3ffdddfffea2cffe066ffeddefff853fff269ffd825fff5fffff819ffff34fff4e8fff1b3fffaae00085b000094ffef67ffee0f0002cffff07cffeb7b0000d1fffa3efff1fdfffdf9ffd5deffe70c0004e9ffeb13000467fff759fff2e2ffefa7fffea5000834fff564ffea0cfff065ffe947ffe7c3000bcf
    1	    4	    1	ffee23ffe05afff408ffea49ffe6e0ffe3ddffe808ffe637fff1cbffe5e1fffbdeffed29000369ffef56ffe98bffe8f1fff422fff04efff067fff3d3000019ffe7effff714fff21ffff189ffe8300003c2ffe542fff4a3ffed0dfff31f0005c5001383fffebcfffb44ffef2bfffaec0003b3ffe410fff55bfff3b70006d7fffd30fffbb9fffb07fffb6afff54100131ffff6ce0006b4fff7410006f5fffd91fffa31fffbc800088100022300061e000166fff8bcfffd350012d3fff223fff9f9
    1	    4	    1	001bd300038a0012600017df000f56000cef000f1c0012af001679001133000bb0001b2d0024e1000b3e0012d9001c0b001838000698000f4300148d0019c5000a6f0016e60013e10019cd001dc40028ea0010c800065f000b1f00182100212d000c990010be00141200190d001334000a81002d9400154f001193001351001778001d0d000811000aee001a69fffdab001ea800161e00243b000475001a0900072100112effff03001e2100229800055a000a86fffb0b00110f0010a10010cb
    1	    4	    1	ffed5fffed3afff026ffea6bffee18ffeb6bfff0bcfff72fffeb51fff8abffee3afff0d3fff50ffff404ffde87ffe515ffee42fff980fffa3bfff7d3ffe617ffef79ffeb680007930002c5fff0eafff8ccffeea0000c27ffec47fffa1dffffd7fffadbfffc240007dc000279000042001a17fffe00fffd35fff465000ec1000822fff96b0010ad000f2400070f0005a3fff95a0006be0015f30001e5fffd05fff9890007be000aa90005d5000da0fffbce0007080005030014fd0001c5000ce7
    1	    4	    1	ffff7d0002ae00159400266ffffc12000d9d001d7a000db100115300064900031afffe93fff667fff9cc0007b500136f00124effea50001753fffff100064b0005d90008c40008ab00071b000298000e0a0008a6000955000d0900084500040f0005db000c06001300000fab0004b20016c1000d48000fcd0004310012d1fff532fff9a70001c900040c001077000251ffffd0000ca20004a700097f00017f00087b0005620012c9fffe63000f94000bfc000c60fff48dffff37fffb25fff223
    1	    4	    1	000c27001bce0017640015d1000b1000177b00114000140f00072d000fe7001f540014b7000acd000170001745000af90022660012d80014230007b9001369000b2b0019ea00139500256100188e00136a0015260023db0019df0005ad00227dfffd69000306000824000b01001bfe0008c3ffffbc000ac7001831001721000562fffcd70000290003760006a9fff183fff7640003700003f3000e090004d100045900105c000b65fffec70007f60001460001eefffedd0005c3fff56f000019
    1	    4	    1	00139900169c003102000c69001164001cc10019e8001cff000c4d000b55ffff2c0020fb0019a90009560024e1000d35002204001018001f2d0006a10019090010050007e80005bd001509001d4a000e120018600016690020d500038700022dfffcf9fff9b0ffe9eaffff71fffcda000741fffee60009f10007710003e9000d42fff51f0011ed00033000067b0001570003d2fff9d400087700017700009b00073dfff35e0010afffed2b000624000a2afffe2afff977000fdffffb81000265
    1	    4	    1	0002f30009acfffa5a0006c1fffa3cfff7b9fff62c0006570001f50004f900022600003bfffb6900047a00038f000b4f0009acfff7940003a30001490008b7000a3ffff3b8ffe8e9fffccf000636fff68cfff73a0002b3000bc9fff537fff9c900126700044affff560007c5fffbe2fff89fffe87c0003eb000465000973000b2effeaa7fffdebfffab20001db000dcb000ab40008deffefc5fffe9100063d000ae70018c8000287000cef00089e000f58000b2c0018fb0002b90002a1000dcb
    1	    4	    1	0008cdffeb92fffa4affe945ffffb6fff709ffeda0fffdb5fff867fff2b3ffe3e8fffb9dffeb59ffe392ffefcffffaa1ffebfefffebefffa01fffd61fff501ffea4ffff950fff1cffffb690000dcffed5effeabc000365fff863fff22fffdfd7001f3f0017440015060002f90014620013ab001bd00004df000cb9002c2f001652001b2900086dfffcf800201700072f000a840016c2001e3f000db70012cb0017670016820009d50017cf0008c4000f7600153c001d7d001371000db1001fd5
    1	    4	    1	001ec300245c0012fe00254100283e002ad50015fc00235700224f002b89001a820029d300270700227e00336700261b0030be0028e80029c500307f0029cb003489001b24002a930025ab003264003d340027800030e900209b0022bd00157d0013d1002930001706001315000cb8000da3000c4a000cd100048300112d000c2e00057dfff5530002960017970005bd00149affffe4fff9f700093f0015c9001a6900108000138f0017d3000e48001d380009660013b3fffb9900090b000327
    1	    4	    1	fff4adffe820ffeb4efff5d7fffb22ffe3e5ffecf0fff287ffe421ffee2bffec92ffe5c5ffeef5ffea2affefbbffeefbfff256ffdabaffede1ffe9b7fff883ffef33fffd1effdf4f000301ffeb26ffdecefff318ffeb0dffe5ddfff321fff085ffeb43fff1a2ffebb6fff731fffcf6fff60fffedacfff0cf0001e3fff8d3fff1a4ffeb590002ebfff2cafff881fff5a30001f20002a4ffeed3fff435fff58bfff68fffe978ffff95ffedd7ffe228fffca8fffeeafff9d1ffeb05fff43b000063
    1	    4	    1	fff991fff7baffeff0fff3fffffd1e00010b000cdcfffe29000aedffe2e5000020ffe8d7000f15000126fff419fffa79fff64000035afffed10006b70002fbfff31bfffc7800029b000725ffe740ffeddcfff1fcffff8fffffd9ffef91fff645fff513ffe2d8ffea800000e9ffe60affe55dfff6c4ffeaf3fff847fffd69fff4e8fff96bfff3d50002f2ffe99dffea31fff2caffe938fff2050003fbfff821fff3ddfff116fff3ebfffbff0002daffe3e8fffa30fffbc70006c3ffe967000be9
    1	    4	    1	fffbf500037c00032afff62d000274000203000bb6fffe6f00120500047ffffc22fff707000623fffe500006c3000cdf00104e000f680012df00032fffff3f0000ab000606fff733fff853fffb000004100000e4000115001377001225fffdcf00125900187c000eba0011db00181e00263d001b0a001e83001e290026e90019360006eb0019a50024a80013ff0012450007f6001bc2001f51001323002bab001f590018cc0010e7000b25001cd800074a00103400234100199f000d89001397
    1	    4	    1	000000000000000000000000000000000000000000000000000000000000000000000000000000000000000000000000000000000000000000000000000000000000000000000000000000000000000000000000000000000000000000000000000000000000000000000000000000000000000000000000000000000000000000000000000000000000000000000000000000000000000000000000000000000000000000000000000000000000000000000000000000000000000000000000
    1	    4	   33	000000000000000000000000000000000000000000000000000000000000000000000000000000000000000000000000000000000000000000000000000000000000000000000000000000000000000000000000000000000000000000000000000000000000000000000000000000000000000000000000000000000000000000000000000000000000000000000000000000000000000000000000000000000000000000000000000000000000000000000000000000000000000000000000
    1	    4	   33	ffed4cffed0fffddeeffd49affec9effd917ffe625ffd7ccffe469ffe45bffe6ebffe0c2ffe298fff13dffd745ffe43affd10cffcd8fffdf27ffdc41ffd780ffda9fffe8f7ffe293fff5b1ffdccfffe7afffd3a5ffcd59ffe25dfff174ffdc68fff8caffe331ffeacaffebecffea00ffee7fffe6a7ffee30ffe15dffebe5ffe76dffdf22ffe2defff15bffec27fff244ffe89affdf95ffea85fff169ffe7e4fff27bffef3bfffc81ffeaf70007fffff555ffe6bdffeb6dfff9d9fff734fff3e6
    1	    4	   33	0010880014170001ae000f3e001940001ad10020e90010120002a100133d0000e1001dc2001368001bf300187d0005e400254c001135000e5100120d001d6e00146b0011b3001f910015e9000f0b000adf0010bd0008950012eb001182000e5c0014b8000f6100130400188a001cfa00152f00173d001bd80012b7001737001369001c8e0026a4002b9b000aeb002cbc0028600020c70020470018230012d0000ad10026310007e5001f2f002017002ed5002213001dcb0025eb000e2c001f1a
    1	    4	   33	ffff0efff61dffeebafff762fff09cfffdf3fffb2fffe840fff577ffed37fff9bffff8c2ffea8cffdd29ffdc3bfff776ffdb2cffe961fff135ffe44ffffa9efff135fff233fffa57ffedddffe07dffe91fffdae1ffec9dfff23bfff21cfff21e00129effffc10006c2000bf00002800014950007e9000a92000e1b000de90007bd0003fc0005c2fffe75ffff47ffff0600032e00052f000fc9001eb10006ae0022fd0001f7fffc2d0002a1001cdf0009ab00062700108d0013bb0006a40009f8
    1	    4	   33	ffea02ffe367fff520ffe4a6ffe45affe5fdffe77dfff582ffeaa7fff37bffe4fbffe74affe4e0fff4a1ffeef5ffdcdeffd6f0ffe47bffecb9ffee65ffef68fff167ffe961ffdf83ffefedfff95dffe90dffe4ebffea85ffe1cbffedc6ffe13000047affd83f000768fff0defff58a000629fff505fff78c000367ffff57fff0b9fffd38fff15cfffeddfffd47fff86affed5efff127fff777fff14300016c0005cdfff23bffea79fffa85fff7bdfffd59ffef7bfff8c10004c5ffe9580000a4
    1	    4	   33	ffec36ffefb9fff5beffee38ffe7d8ffe841ffe945fffd22fff855ffdfadfff991ffe3860002ecfff31bfff8bdffe382ffe194ffecedfff52dfff385fff4ccfffad9fffb45fffa79fff19700001bfffdabfff8c3ffeba9ffe68bffe49c000beeffff12000a530002720007400002ca0003e1fffdc5000a30fffe81fff9f5000c41fff1e8fff1cc000313fffd7700006e000a22fffea100061100051fffff3efffa03fff951000017fffdb30007a3000dd50008c5fffb1ffffcddfffb42fff5a0
    1	    4	   33	001b1e0018dd001938000ee6001148001c4500089d0019fe000bf50020f900075b00153400136a001f8d001f1900063e000e7a0017f7000397001cdd000a2efffdb90010a7001f99001315002935fffc6b00127b00198f0015d9fffe08001b120008220016b3000a6a000306fffeea000a570001ed00101200156f000d5f001237001a360015a4001625001fb500144e00232a0011f7001e55001f7300108e001465001d2d0018f9001c6d001973000b050015cb000caf0010ed000fb6000a46
    1	    4	   33	fff49a000741fff93afff486fffb40ffe28bfffb9b0003740002a3ffefa5fff1dfffedeefffc86ffff7dfff78ffff6f6fff34affe39dffffe5fff989fffe3efff529ffee17ffeb2ffff22bffe8c1fff4d9000a69fff2b3fff80bffe24c000a00fffe68000d3b0002d4fffa9e0004f4fff237000bf7000602000b2ffffe4d0013d3000b46fffe8e000577fffe210002680003480012ad000cb70005c9fffbbefffcebfff9c500031ffffce10005390006430002bf000b59000a65000db2ffff36
    1	    4	   33	0004fcfff7d5000a520000f00008b00009bb00102100039000053b001423000eb3000488000fa400014f0008edfffab8ffffe2000e190012a900096d000f660008410004af000ca100025900027ffffe790016010005f90007b1000ae6ffff9a00089e0004e3000d2efffdca001960001309000f33000184ffff51001731fffda3fffef4fffd38000c4b001003fffc9c0002e0fffc4dfff2f30001b30003d0fff999fff3fb000763fff5e3000b670000570002a9fff301fff2e7fffc12001142
    1	    4	   33	00098c00091d001070000baa001d6e001985001a290005240012df001e8f001383001138000cb0001b53001777001e920011800019bd00156f001ccffffb100028cf001c0700119d00172b0011a70008730014e300137900136d000d84000bc200090000146300156affff7c00088a000301000035000b54000e45000881000c11fffdba0005600007ed000a89fff90e001742ffefb3000659000b9300160a0012f3000b0d000f0300007b0010af00082b0007ebfffbb3000617fff3f8000f72
    1	    4	   33	000b2800197f00084600121e0011ee001359000eed00106e001d79001b9b00126b0009020008aa00158d000b03000b80001a34001d310010b7000afb000a94000cb900095b001c930010c70015790008dd0010ed001129001b9f001fcc000ed8fffd7600062ffffc26fff122fff36efff547fff5ad001b98000b0100147b000e0b00000e000b62000057000e6dfffe70000d3a0011390007e9000d81000a1efffbcf00177bffff6b0000f3fff5e7000c41ffed41000873fffbdb000068000aee
    1	    4	   33	fffe52fff3d5000796fffb7e000930fffdc3fff4fb000732000c09000645ffff5d000a80ffffb4ffffddfffbc5000782000674000b05000257fffe9d0015cafffd85000adffff6a3fff667ffed17fff0bb00084bfff3cdfff525fff1dc00066afffc9c000231fff2440004dafffa5a0023f1fffd43000642000537fff9ff00088d0013160009dafff55500075100028efff8860011fd000bb3fff335fffae0fffb43000339000361fff94f00121f0000830008570012b1fff825fff8a6000152
    1	    4	   33	ffee9efff3abffe0d6ffe374ffee90fff265fff0a9fffdcc000853ffeab3fff577ffee7cfff41efff401fffde9fffae8fff11cffee3ffff28dffdf85fff72afff599fff979fffa99fffb75ffec79ffec19fff4d7fff975ffe78ffff76affdcc0001ba20016e100195e001928001c9e00174b0010b5000778001bb100168f000f710011f20014ae000cad001525001e7c002d4e00162d00174d000843000970000cb500166f000a59001889000865001799002727001d11001f650011260020d4
    1	    4	   33	0028cc001ae1002b340030de0015d400311b002a6300207a0026df001cf9002033001fb0002a980018650027bf001c08002eee003011002193002721001d000028d9002ad7001f83001ced001183001dbf002c7500253d0024fd00354e0029d8001bcc000fbd00008200063a00182600035b0015e900047a0015cb000125000a0f000d3e000a8c00093700089b000c96000b6600115ffffdb1000aa7fffe18001655000d9b00109d0003e9fff0f900032100174d00141900033ffff7fc00165c
    1	    4	   33	ffe3d8ffe4b3fff5beffe560ffeb20ffe53fffe559ffe8b8ffe165ffedc9ffdcedffe97efff182ffe24f000137ffeb42ffea7cfff21fffef6bfff4fdffeae6ffe76ffff02fffda25ffe7abfff813fff10dfff1b3fff633ffeaa3fff1feffe3c4ffe456ffe729fff5fa000f54fff5d8ffffc1ffee55fff64c00014b00029bfff7fffff7a2fff30afffc07fff2edfff1acfffca8ffede3fff1a7fff663ffe98c0006fdfffb5bfffd7fffe4f3fff5abfff395fff58ffff221fff519fff74e000224
    1	    4	   33	ffea72000a35fff7f200086800084afff92bfffd25ffff3afffc2ffffbcdffff1dfff194fff380000537ffe4bffff0ae0003ac000755000a3bfff271fff8c8000443fff077000de1fff73100022300015bffea53ffffa3fffeff000d2efffca6fff3ecfffeadfff800fff0c6fff376fff2d9ffe54dfff3acfff939ffeb71fff8c9ffe210ffe720fff8810003c700057affe46cfff93dffee2bfff765fff52cffea7dfffe67ffefb900043bfffb49ffffa5fff03fffe115fff47ffff2baffe62e
    1	    4	   33	000b92fffdbd0009c80000de0003a6000355ffecbd000120fff1bdffff93fffd330007680012a6fff9ef000269fffe720000680001e70001c30004b30002dcfffe7d000715fffeedfffa8dfffe93000f01001233000037001315fffe32000b6e002234000ad300115e00171c002a88000ec3000dab0009d8000c750023d1001c9d001caa000d90001799000a3700355400148a0016d5000283001ca30021a60020350021bdfffe69000c5d001893001d81002dbb001bc90010df000d44001d9e
    1	    4	   33	000000000000000000000000000000000000000000000000000000000000000000000000000000000000000000000000000000000000000000000000000000000000000000000000000000000000000000000000000000000000000000000000000000000000000000000000000000000000000000000000000000000000000000000000000000000000000000000000000000000000000000000000000000000000000000000000000000000000000000000000000000000000000000000000
    1	    4	   65	000000000000000000000000000000000000000000000000000000000000000000000000000000000000000000000000000000000000000000000000000000000000000000000000000000000000000000000000000000000000000000000000000000000000000000000000000000000000000000000000000000000000000000000000000000000000000000000000000000000000000000000000000000000000000000000000000000000000000000000000000000000000000000000000
    1	    4	   65	fff408ffdf14ffd7e0ffd12dffd395ffdb2dffe7d9ffe326ffe25affd553ffe467ffdfa5ffe699ffe3e1ffe79fffd93effdd91ffecb1ffd8dbffe016ffc3dfffd612ffe4c2ffe5bfffe408ffd958ffdb44fff0d7ffe849ffe612ffd749ffe2b1ffebbaffea78ffe8c2ffe22fffe861ffee41ffe9cffff2feffea1efff921ffde51ffe5cdffe6ffffff45ffe841fff732ffd73fffee2bffdf75ffe0e0ffeb9bffe6ceffe61affe90b0003eafffe30ffe734ffe98dfff429ffe82cffec47fff56d
    1	    4	   65	00010e001780000c9c001295001c3d000d630013c50009400014ca0019e50016df000875001bc100141500112500154600105dfffbe70014c1001aec001bef000d8c00163800229b0005b8001bee001e4c001637000c8b00149e0009cf000fa100220e001eec0011ce0018030020c9000c71001a4100210a001ef8001c11001c130027210022e1000ef70015e90016ce003427001c29001cbf0013280022cb001b1400225200233700147c0015720018180021090009b900334a0024fd002cb7
    1	    4	   65	fff54afff014fffc8cfff28bffe8f9fff907fff1d7ffe5dafff6e0fff8f50009c1ffd7b3ffe7a7ffe865ffe3b3ffdd16fffba7ffe78fffe935fffd54ffeb17ffe036fff05cfff549ffe472ffe946ffee46ffed3dfffa57ffec54fff4cdfff829000b7c0016ec001e26fffc8300090d000f7dfffa8b000234000fbaffff69fffcfb0008d50005450001210008cb000d14000c57fff9970001890007540007a5fffee400096400096d0007c8ffffc4000666fff8c50007d5000c0c00108300140d
    1	    4	   65	ffe5d4ffecb8ffe5c4fff17dfff065ffd5cffff4ffffe7c2fff590fff759fff317ffe563ffed8fffeb7bffe287ffee740001ddffe42bffdd9b0003cafff469fff190ffe2a0ffea71fff770fff7c8fff2d6fff0dffff0f7fffcd8ffe3b9ffe443ffed20fff66efff77afff0e7ffeb47fffd19000da7ffeb1afff90afff31ffffd3bfff0c5fff989fff1f7ffeafbffff8e0007190005c1ffe81dfff096fffc43fff7e200049cfff7dffff3d4fff9f2fff912fff63ffff0f3fff18000023fffec71
    1	    4	   65	ffe48effe552ffeb26ffe009ffe5dffff5c9fff5c3fff63cffff4cfff09ffff9ddffe1cbffec3dffed33fff725ffe4fcfff149ffe523fff381ffeb02ffeebfffeebaffeda0ffe9c3ffed66fffb64fff5f6ffebebfff39ffffc66fff0c5ffead5000176fff0e6fff9ccfff6f50007adfff5890018b1000dc00011180001c5ffea2ffffeeffffce3fffbfbfff949fffba6fff013fffa53fffaa1fffdf60003970003fefff87afff8bffff77afffbd4fffba0000337fff2b10005f2ffff3bfffa6d
    1	    4	   65	00167a000d6800013a0001fd0008690022e30013bf00284e000c56000f0900129b00147d00002d001127001ae7000aaa000d93001755001a9b0010da00130d00217a000bc800166300148000113c000bce000f8b00203300113c000e93001e55001b44001d5e001e5e001033000e5f0004c1000f5f000f10000846000be300104d001cf5000fab00133f00111700159400068900177b000965001fe600044300038200179e00016f001340001802002650000e950014410008d60005f3001443
    1	    4	   65	fffd68ffe768ffe7bcffe90fffec05fff749000063ffea92fff9ceffe7c7fff423fffa09fffd33fff4c1fff225fff990fff961ffff73000517fff580fff74fffedc2ffea180000e5fff682fff186fff9a8fff015fffe13fff2fcfffc83fffc090006ce000646fffd46000ac7fff8a7000109000a0dfff5a60002ea001dd7fff77700009dfffe47ffeec10008b7fff678000af50003a1fffc8bfff9a8fffabd001132fff6180011c7ffff5a000490fff0e2fffe430006b3000ceefff711000817
    1	    4	   65	00126e000c9200094c00121900047d001477ffff01000812fffee2000a95001217000ad1ffff33fff9cd0000ab0011c600008300115300132f000ec4000a41ffffc8000decfffee70007220007f6fffc6a00140500144ffffb480019b1fffb87001c1400079a000904000c61fff4fb0013a300110f0006ba000454fff39f000023fffe7ffff0550002dffff413000cac000743ffff1ffff10ffff808fffc73000cc8001914000b7b0015f2000e96000aa800077300124b0005a400005f000605
    1	    4	   65	00147e0021a80015a8fffffd0013f3001f4900146100123a0001fa000d390018a9000981001403000d550015d9001e74000feb000c53001ad90012860014b700161afffd8000164700039a001d0e001a18fffa5100005f0013f6000e1f0013230015f20001e8000dae000e350013f500078b000cad0007de00070e0002f50003d30016eb000671fffe3b0004af000592001cd50003490009810010100005db00199e0013c80007e5000066fff282fffad0001dbf00100f00071e0004bd000a49
    1	    4	   65	000bae001acc001542000a570007030010090011c5001b26001444000dfd001a6d001033000997001393001a75001c0000193b000613002111000e5e0015b9001d76000d6c0018cb00088c000f8c0001e8000b9700073f002268001e79000ee1fffb52fff93000068e0004d100079ffff82b00057d00057efffe48000051000a85ffffdf0002ebfffca9fff76900055e00011900029700045700009c000405ffff7afff91800009f000b44000ab6000e74ffee5900106d000a04000e47fffbed
    1	    4	   65	fff6e6000a0e00154600012b000aab00118dfffb8b000932fffeb40007a9fff30bffec3ffffb29ffff1dfffaaffffcc2fff949fff60f000895fffc52fff047fffe7efffc8efffab7ffe874fff130fff86efffe910003e9fffba2fffcb3fffa1f00185cfff8540013ec00058f0002070016ad000a5d000148fff2280003dd000eb10009c10015d1000977000e77000694000e2bfff4710011c9fff0be000573fffb34fff97e00133b00053000017e000438fffe89000b8ffffc7400086d000133
    1	    4	   65	ffe888ffe7a4ffe3e2fffaafffffe5fffcb70006bdffe7cafff5a600054ffff00ffff3d3fff323fff5ebffe8ff000040fff7f5fff7c5ffef5d0005e0fff443ffffdefff7a6fffa85fffa90fffcecfff654fff05bfffdfb00001effef6bfff195ffff5e0011f4001d60000a5500168500160d0013f3000c9afffa1cfffb2300031d00174900177d000865000ac90021220012670017ff00030d000fa6001ac5000c42001c1efffd6f0009f600160e0008a2001d150018ab000fe0000c330014eb
    1	    4	   65	002e5c00292400274c002455002c53002cab0023e9001b2e002f6400276f002c69001c8900285f003fa70025970028180031f5003b650028a7001bc2001e4f002048001fec002d6b0030f4001d620023e200140f0023db0022d6001e370024c50007a600056e00010e000be70015c7000f29001fe5000d2c0006920004350008e100095300044300129d0004ab00072a000b39fffadd000d91001744000cd7000dc600050e000933000944001652000e0efff85700154d0006b4000045000c81
    1	    4	   65	fff144ffe5dcffe572ffe28f000289ffe8e5ffea59ffded0fff0f4ffe6c3ffe6d7fff201fff209fff82bffddd1fff150fff28bffe0f7fffa75ffeb8effe085fff24cfffc76ffe1d3ffffa2fff2c6ffe940ffddeffff1d3ffe66affe211ffecbfffef7afffbd0000990fffaf7fff87bfff4e5ffe82dffebeeffef64fffe7dffe07ffff245fffce3fff3ff00047d0005cafffef3ffea01ffe63ffff2d2ffec03fff726000032fff693ffed9cfff33cfffcfeffe62ffff08dfff814fffcbd00074d
    1	    4	   65	00021afff8260007c20012adffe62dffee7ffff723fffb58fffc4affea6ffff8dfffe953fff035000b5900068b000338ffed21ffee05fffee3ffff30000825fffd04fff56400022ffff938fffaa6fff9d8fff2f1fffdd7fffef8fffaef0003b1ffe954fff2b2ffe688ffdfb9fffe67fffa5dfff303ffe96afff370fffba7ffe043ffe7530003abffe9c3fffb450004f4fff9b3fff019fff5bbffe9b8ffdaf7001136ffecf2ffe6cffff5c8fff2eafff6dafff8b1ffe993fff8b6ffff37000ca9
    1	    4	   65	000e2cfffbf0fff534fffb0f000501fff521fff7bbfffe2a0015d6fffaf50008750004e5000651001ca900119b000ab80009eb0004cb000781fffcc0000f1f0002380007aefffead0011160006940012480006dffffc890013a000110d0006a500258c001c30000f400020fd00051d0030cd001a0d000fa8fffc24000eb1001471001a51001aad0014af0012a5000c9400186500147d00058300154e00201d00216600227a002731000864001a3200194c001b01000d9700105800218f000d61
    1	    4	   65	000000000000000000000000000000000000000000000000000000000000000000000000000000000000000000000000000000000000000000000000000000000000000000000000000000000000000000000000000000000000000000000000000000000000000000000000000000000000000000000000000000000000000000000000000000000000000000000000000000000000000000000000000000000000000000000000000000000000000000000000000000000000000000000000
    1	    4	   97	000000000000000000000000000000000000000000000000000000000000000000000000000000000000000000000000000000000000000000000000000000000000000000000000000000000000000000000000000000000000000000000000000000000000000000000000000000000000000000000000000000000000000000000000000000000000000000000000000000000000000000000000000000000000000000000000000000000000000000000000000000000000000000000000
    1	    4	   97	ffdcebffeb36ffe57fffe98cffdf5affe99affe2f7ffed67ffdcf4ffe923ffee00ffe79dffd7f1ffe21cffe258ffe12bffdf46ffd96affe344ffdb90ffea08ffd94bffd84effd116ffdf4dffe5caffef7bffddb1fff5f0ffd7fdffd5f3ffdc16ffe35dfff30cffe787ffec48ffea52ffe9ecffe1cdfff4ddffeca2ffea4fffdcb0ffd315fff0a5ffe988ffd9e2fff07ffff044ffd698ffe51cffea0cfff6c4ffed39ffe672fff094ffedd3ffe348fff3b9ffea07ffdeaeffe485ffed23fff7d4
    1	    4	   97	000f4f001a10000d910006ccfffcbc002570001897001c5500121e0012b30014740014270019b10015d00013e0000809000bc2000ab000192400197e00139c000513001a20000c6a00152f00158a001bbd0014f5000de0000699001c7b000d920014f900160400244f001cca001f8c00178c001c010021e9001dfe0023e1002f90001b970014fd002dda001d3e00216100176c00172c00182e002114001770001dd500247c002314001b65001cda001a4500124b00107000238f00103f001402
    1	    4	   97	fff30dfff418fff13bffdb12ffedbeffeaa2ffdeeffff3a7ffe0f2fffe7dfff608ffe7a1ffead9fff00cffeadaffea25ffd9e4ffe864fffbba0000a4ffd9c4ffe145ffe56cfff2b4fffcedffeb14fff7c3ffeb07fff2b4ffebcdffeca3ffe76afff6390011b80003b30021b00000e0fffed600001d0007bbfffea800131fffff9000132b0018c7000f4200040a0017d9000720fff5ec000a72000c920009b200069100075600076a000ca9000fc2001029fff3fd000cee0007a50002ab0015cc
    1	    4	   97	fff06fffed1cffe2c3ffe2eefff1feffdfecfff03fffee59ffe4b0ffe1c7fff87effe4fbfff8f9ffeb10fff53cffd6d5ffd960ffefc4fff028ffe11affdfccffd2fdffee70ffeaaeffdf5fffd9b6fffba5ffea09fff26effebddffed9dffdc04fffe45ffefe8fffde9fffd4800023affe7ecfffa5bfff32bfffae2fffcabfffc120004a3ffedadfff608ffe4d4000af9ffe344fff7c0ffffd2ffef20fffc68fff20dffe5e0fff6cefff97bfff32cfffd05fffd8dfffa84ffef13000f4ffff776
    1	    4	   97	fff135fff50afffcabffdda2ffe5d0ffefbaffe439fff63fffece8ffe36dffeec6ffebd7ffed4ffffca8ffe78cfff25bfff298fff732ffe7d2fffb3efff45effe51dfffe5cfff382fff27dffea62ffe555fff3d9fff0ecffebe1fff8f5fffba80003fdfff55c0018870009d6fff250000a7a000d87fff729fff2e200187500064e0000fdfffad70014a6000f56fffd77fff4d8ffeffcfff4aa0013a0fff9b40005cd000c20fff850fff975fff8a200052d000cb70000ca000acffffff9fff694
    1	    4	   97	000b490011ca00131100127c00276a001fa40007e7001887001326001573001c4a001daf0020f70010bc000a420023f100041a000f8000110200204c001c80000bc7001af8001f8c001fe5002cfa00172dffffed000750002cbd00192b001fa0000ca10011f8fff651000a3c001004001aecfffcab001d830005d2000f7b0021900005f1000f9d0011da001290001bfd001622001f38001ad4fffa9a00137e000e2b000b8400180e00125900106e001a2d0015b7000fec0005c700076f001d44
    1	    4	   97	fff1b5fff1f4fffe3dffe03effddc0ffe95cffffb9000897ffe7cefffd95fff222ffe929fff5c7fff00affdddafff831fff38e0000deffeda6fff7b0000096fffbc7fff944ffecdaffff6f0002ba00002dffefd9fff32afffab1000abdfff73600071b000276001935fffa14000292000990fffebd000323fffa4400047d0000ec00000b001ffbfffd3c000eb2000a21000434000a6000044c0006d20007ce001377001dcafffe660009d30002e6000e79000a8f0004aeffff3d0006b90005d6
    1	    4	   97	0013a10002e400134f000244fffc14fffc0000128900120d00131efffcc5000302fff9d5001f39fff9a8fffdbe00119b000b4800041c000cdc000b52000a74fff3290007d8000aae00090900077e0000c5000e110005a6000cf5fffffd0014400009f1000422000e19fffcf0fff946000924fff1210004650007c0fffe2ffff6cc00026d001b270008d60000b400051ffffa10ffe902fffa6a000cf000109400106d000302fffcf600016100089efffd0f000a7bfff8c000181d00104ffff542
    1	    4	   97	000f7b00175c0012690015d4001a0a000dec000e5f00068d000f3a000a690016100009f30015890017220015e40016d1000e9e001ff8000f9200110a0019ec00053ffff6f800142600139f0017c2001627000b9f001e1400170b001835001b16001a1bfff6b00017cbfffa240004340008b0001a0f001d1f00154e000e0d000a44ffffc7000be30002d80003da000633fffe200008f8fffc9800092cfff7eefffcc5000158fff39e0001e7fffff2000e91000ce5000a2a0005cf001153ffff92
    1	    4	   97	00215b00167e0017e9000ab40018ea00173a00113100220f002088000e4500177c0021830009ed001b1e00276a001643000c54002bba001222000bda00183c001cd1ffffd8000096001199000e6a0018c90002df0023d600151f000821000f0cfffe6100017cffff7f000696fffd4c00120600090f0008c70013460011a9000550fffeb900054dffff48fffefa0002610003e2fffe8000039efff0ec000302fffaa7000be600049afff9e50012e6000f9100003b0012cafff957000c350005e8
    1	    4	   97	000babfff6b4fffbd30002c6000294fff52c00071dfff6c5fffa12fff9a5ffef00fffa8f00025b00118e000cf2000ea70011720004acfff97c000112fffd4e0002230004b6000b5affffd50007f0000059fff6cf0000ecfffaad00143bfff76cfffa7300022cfff2c1000a92000a30fff5100017d3fff9affff2c4000b1500089e00027f000eb1fff23cfffde2fffbfffffd86fff4b4000698fffe48ffec1e00056d0005a2fff914000955000eb2fffd630009490000d800120b00146300069c
    1	    4	   97	fff789fff554fff7e1ffecc8ffe45effe7f400039ffff951ffecc4fff385000068fff10bfff18bfffd76fff582fff045fff884fff5acfffe00ffec7cfff8aafffc1b0007ceffed9efffe85ffe050ffee25ffebc9000a80ffec4f0000e1ffefe00014cb00037a000d4d0020a0001440000b9800174b0002f7fffe5e00214500135600087f0013bd000c9e000f860015f300169c0023e80017a6001550001cf40007f100184c000fba0001e3001b6e001cdf0006f700028e001b870008fd00196a
    1	    4	   97	0028e5002472002f4f0016a60020160029700025e50034d3002542002d9f00385c00299b002673001a12001aec0036010019ec003ba4002e28002b680028240032b900189000259a002b59001cb400272b00267d003eca001d0f002ea5001b6a002367fffda0000e110009bc001284000cf4000b21000cdf000604001d4b001170001337ffffff00061a0009f4000dfb000df8000dd80015e400077c0008720009a7001150fffa78fff863fff3cc001a09000ca7000e9000073d000717000b5a
    1	    4	   97	fff3fdfffb46ffe21bffee92ffee6effe9f4ffe8affffd3bffe606fff0c9ffee56fff691fff4b1fffddaffeb18fff377fff708ffe1f2ffea22ffea6afffaeefff481ffe24cffe5b00003c5ffea64ffe469000157ffeac8fff46dfff68dffe72cfff755fff140fff0b3fffc6cffe7e8fff018ffeb93fff1dffffab20000b5fffde8ffe025ffe5670002d40000b0fff74ffff53600015afff406fff580fffe9affeefffff5b2fff82400010dffedcefff097fffed5ffe338fffde7ffefbdffec70
    1	    4	   97	0002edfffc1cffff51ffea6cfff7ae000a4efffd49000bad000482fff831ffe8500008cf000553fff49c0005d8fff587fffb1efffd92ffffb0000dec00032efff507ffefe4000a02fff6abfffb36ffef990000c9ffee76fffee50007a7fff91cfff2b90002d6fff11dfffebcffe33affeb30ffe9b7fff0bffff626ffe607fff5fafff145ffffd700061e0002e6fffd25fff67000088afff2880002bcfff520fff1c7fff4dafffa5cfff22dfff722fffd13ffef9fffed96fff139ffeb09ffe61a
    1	    4	   97	00037700168afffb67fffcc6000c5e00125000078f0004d70003ac00027b00147e0009a50006bb000374fffc0e000ec50011ca0013be000206fffe40000266fffa6700045c0003aa0008c9000c72000915fffd51ffffba000479fff0750009f40014fb001a380025d50021aa001d3000172e001f35000acd00231c001cd9001fbe00141100075900102a00209400120500270a00098a00289a001db8003502000eab001e40002656001df5001bce0024bd000b2700230c00212b00103100144e
    1	    4	   97	000000000000000000000000000000000000000000000000000000000000000000000000000000000000000000000000000000000000000000000000000000000000000000000000000000000000000000000000000000000000000000000000000000000000000000000000000000000000000000000000000000000000000000000000000000000000000000000000000000000000000000000000000000000000000000000000000000000000000000000000000000000000000000000000
