x	    x	    x	    x	xxxxxxxxxxxxxxxxxxxxxxxxxxxxxxxxxxxxxxxxxxxxxxxxxxxxxxxxxxxxxxxxxxxxxxxxxxxxxxxxxxxxxxxxxxxxxxxxxxxxxxxxxxxxxxxxxxxxxxxxxxxxxxxxxxxxxxxxxxxxxxxxxxxxxxxxxxxxxxxxxxxxxxxxxxxxxxxxxxxxxxxxxxxxxxxxxxxxxxxxxxxxxxxxxxxxxxxxxxxxxxxxxxxxxxxxxxxxxxxxxxxxxxxxxxxxxxxx
x	    0	    0	    0	xxxxxxxxxxxxxxxxxxxxxxxxxxxxxxxxxxxxxxxxxxxxxxxxxxxxxxxxxxxxxxxxxxxxxxxxxxxxxxxxxxxxxxxxxxxxxxxxxxxxxxxxxxxxxxxxxxxxxxxxxxxxxxxxxxxxxxxxxxxxxxxxxxxxxxxxxxxxxxxxxxxxxxxxxxxxxxxxxxxxxxxxxxxxxxxxxxxxxxxxxxxxxxxxxxxxxxxxxxxxxxxxxxxxxxxxxxxxxxxxxxxxxxxxxxxxxxxx
x	    0	    0	    0	0000000000000000000000000000000000000000000000000000000000000000xxxxxxxxxxxxxxxxxxxxxxxxxxxxxxxxxxxxxxxxxxxxxxxxxxxxxxxxxxxxxxxxxxxxxxxxxxxxxxxxxxxxxxxxxxxxxxxxxxxxxxxxxxxxxxxxxxxxxxxxxxxxxxxxxxxxxxxxxxxxxxxxxxxxxxxxxxxxxxxxxxxxxxxxxxxxxxxxxxxxxxxxxxxxxxxx
0	    0	    0	    0	0000000000000000000000000000000000000000000000000000000000000000xxxxxxxxxxxxxxxxxxxxxxxxxxxxxxxxxxxxxxxxxxxxxxxxxxxxxxxxxxxxxxxxxxxxxxxxxxxxxxxxxxxxxxxxxxxxxxxxxxxxxxxxxxxxxxxxxxxxxxxxxxxxxxxxxxxxxxxxxxxxxxxxxxxxxxxxxxxxxxxxxxxxxxxxxxxxxxxxxxxxxxxxxxxxxxxx
0	    0	    0	    0	xxxxxxxxxxxxxxxxxxxxxxxxxxxxxxxxxxxxxxxxxxxxxxxxxxxxxxxxxxxxxxxxxxxxxxxxxxxxxxxxxxxxxxxxxxxxxxxxxxxxxxxxxxxxxxxxxxxxxxxxxxxxxxxxxxxxxxxxxxxxxxxxxxxxxxxxxxxxxxxxxxxxxxxxxxxxxxxxxxxxxxxxxxxxxxxxxxxxxxxxxxxxxxxxxxxxxxxxxxxxxxxxxxxxxxxxxxxxxxxxxxxxxxxxxxxxxxxx
0	    0	    0	    0	0000000000000000000000000000000000000000000000000000000000000000000000000000000000000000000000000000000000000000000000000000000000000000000000000000000000000000000000000000000000000000000000000000000000000000000000000000000000000000000000000000000000000000
0	    0	    0	    0	fff8ff66ffe5ffceff19ffceffdbffd6ff33ff4eff48ff94ffefff48ff73ffb3ff93ffecff3cffbaffffff65ff7eff52ffedff66ff0dffbbffd4ff91ffa700000008009a001b003200e700320025002a00cd00b200b8006c001100b8008d004d006d001400c400460001009b008200ae0013009a00f30045002c006f00590000
0	    0	    0	    0	006bff6e007fffe9ff4b00b5000dfffbff5d001bfffa004c005bff59002b0040ffe00059ff50007e0045ff660019ffd4009bff79ffa700ae0019ffbd00160059ff950092ff81001700b5ff4bfff3000500a3ffe50006ffb4ffa500a7ffd5ffc00020ffa700b0ff82ffbb009affe7002cff6500870059ff52ffe70043ffeaffa7
0	    0	    0	    0	006bffe100870083ff6600e700f4002dff82004500c700fe0113ffc5003c00f8006d00a6ffbd00920109ffac001a006f011d0027ffba0148010c0002004200c8ff950105ff8900b100d0ff7d00da003700c8000f00d30066005d0113ffe6007800adfff4011dff96007f00e0ffe800c7ffe70135006cffec00da008800160016
0	    0	    0	    0	01510059013300aa00200178011f00ceffff00e500fe013201600045006e019900d0010a006801740110ffef005000b801fd00ae0017019c0155009b011c00c8feaf008dfedd008a0016feec00afff96004bff6f009c003200100093ffb4ffd7004aff900072feb40078009dffb2007eff0700ae000fff980091ffefff3c0016
0	    0	    0	    0	00b4ff7300bbfffefff900be008e00a3ff5e0068005e00fb012cfff8ffee0167002f00a7000400c9002effe8000d008201b4ffceff90013f010100520083ffeefe12ffa7fe65ffdeffeffe32001eff6bffaafef2fffcfffbffdc0046ff34ffa5ffa9ff2d000efe09ff960096ff6f0048febeffceff88ff3b003dffa6fea3ff3c
0	    0	    0	    0	00b4fed6ffd5ff86ff4d0097ffd40012ff33ffc7ffe1005b00f5ffc4ffa100e7fffd0006ffa10065ff83ff060006003f017eff85feb000b800a4fffe003aff55fe120044ff4b0056009bfe5900d8fffcffd5ff930079009b0013007aff810025ffdbffce0071fe6d00410178ff76008bfef400170068ffc2009afffafeecffd5
0	    0	    0	    0	000bfea0ff92fef2feb50006ff8cff7bfe7eff7cff05ffde00b2ff45ff9c00a9ff1fffe2fedaffa0ff53fedbfffa00360090ff85feae00b2ffd3fff50007ff55fd69000eff08ffc20003fdc80090ff65ff20ff48ff9d001effd0fffbff7cffe7fefdffaaffaafda80011014dff6a0082fe0600170066ffbcffc9fff1feb9ffd5
0	    0	    0	    0	00fcff49ffc8ff35ff49009e001dffc3ff150031ff5000ba012fff88001b00aeff5d00c0fefe00670018ff0b0025004200990073feae00b4ffd900c60010ff88fc78ff65fed2ff7fff6ffd30ffffff1dfe89fe93ff52ff42ff53ffb8fefdffe2febffeccff86fce1ff4c011dff3f0076fdfdff290066ffbaffc3ff20feb0ffa2
0	    1	    1	    1	00fc003a0071ff6bff8c013200b50054ff5d00c800050105020b0005005e012dff6200feffdc008b00dfffd00055006d00a5007cff9c00b4ffdb00cc00e1ff91fc780056ff7bffb5ffb2fdc40097ffaefed1ff2a0007ff8d002f0035ff400061fec4ff0a0064fd05001301e2ff6f00a1fe09ff320154ffbaffc5ff26ff81ffab
0	    1	    1	    1	0100013700e0005aff8e022f017e0077ff6701600096019602e4007d00f5020e001601db00b401460175ffe6011400ad00bd015b003800b4007d016e0123ff91fc74ff59ff0cfec6ffb0fcc7ffceff8bfec7fe92ff76fefcff56ffbdfea9ff80fe10fe2dff8cfc4aff7d01ccfeb00061fdf1fe5300b8ffbaff23fe84ff3fffab
0	    1	    1	    1	00d90133ffe3ffebfe9f022d0081ffaeff440156fffe01050253ffa4007d0177ff350127ffd7006e00baff5000feffee007d0143ff590018007d00cc0081ff4ffc4dff55fe0ffe57fec1fcc5fed1fec2fea4fe88fedefe6bfec5fee4fe31fee9fd2ffd79feaffb72fec20136fe9affa2fdb1fe3bffd9ff1eff23fde2fe9dff69
0	    1	    1	    1	00d9015affe700e8ff0e031c008300ab000d01790008019d02e40035015601efffcc0208008b014b0192000b01940004013c0183ff7100f7011900cc0123fff1fc4dff2efe0bfd5afe52fbd6fecffdc5fddbfe65fed4fdd3fe34fe53fd58fe71fc98fc98fdfbfa95fdea007bfe04ff8cfcf2fdfbffc1fe3ffe87fde2fdfbfec7
0	    1	    1	    1	00740126feeb0093fe2b0271ffdf00a4ff2d0130ff5c00f301eb000a00d201a3fed701200075013b0171ffd200b2ff4401030117fe7600ca010d008b00f8fff1fbe8fefafd0ffd05fd6ffb2bfe2bfdbefcfbfe1cfe28fd29fd3bfe28fcd4fe25fba3fbb0fde5fa85fdc90042fd22feccfcb9fd8ffec6fe12fe7bfda1fdd0fec7
0	    1	    1	    1	0101018bff1f018ffe800354008a0148ff340210ffa5019f0295010300fd0227ff230215015d01510181fff300eb002601c30150fee201c5013a00970139001cfb5bfe95fcdbfc09fd1afa48fd80fd1afcf4fd3cfddffc7dfc91fd2ffca9fda1fb57fabbfcfdfa6ffdb90021fce9fdeafbf9fd56fe5afd17fe4efd95fd8ffe9c
0	    1	    1	    1	01010218ff8401c3ff7c03a9016d01f3ffd80217008501e8034101ad01f60252ffa702610252023901970003010c005f02a50210ff1b0231023500c40145005dfb5bfe08fc76fbd5fc1ef9f3fc9dfc6ffc50fd35fcfffc34fbe5fc85fbb0fd76fad3fa6ffc08f987fda30011fcc8fdb1fb17fc96fe21fcabfd53fd68fd83fe5b
0	    1	    1	    1	0140028d0051022f0026045a01c102b1009b029000e102a10399024e02ad025b003b026302dc02d002100024015c007202a5021affe60261031b019e0237005dfb9afe7dfd43fc41fcc8faa4fcf1fd2dfd13fdaefd5bfcedfc3dfd26fc67fd7ffb67fa71fc92fa1efe1c0032fd18fdc4fb17fca0feecfcdbfe39fe42fe75fe5b
0	    1	    1	    1	00ea024effdc0162ffba03b00110025dffdd01cd0068024502e001f6020c01a4003201cf02da02460179ffab013b00220292021affdc019602eb00b8015dff6bfbf0febcfdb8fd0efd34fb4efda2fd81fdd1fe71fdd4fd49fcf6fd7efd08fe36fb70fb05fc94faa8feb300abfd39fe14fb2afca0fef6fda6fe69ff28ff4fff4d
0	    1	    1	    1	00ea01f8ff9d00edfeed0344006601acff89010fffa501cc0284013d01b40103ff7b01c60246024400efff1400c2000102420207ffdc018c022000880077fe91fbf0ff12fdf7fd83fe01fbbafe4cfe32fe25ff2ffe97fdc2fd52fe37fd60fed7fc27fb0efd28faaaff3d0142fdb2fe35fb7afcb3fef6fdb0ff34ff5800350027
0	    1	    1	    1	01130271ffa6019affaf03f100ba01b90054020d0098027302c3018602140132ffe20241029d02460172ff28012700a003380246ffdf01cc026301040133fe91fbc7fe99fdeefcd6fd3ffb0dfdf8fe25fd5afe31fda4fd1bfd13fdeefd00fea8fbc0fa93fcd1faa8feba012efd4dfd96fa84fc74fef3fd70fef1fedcff790027
0	    1	    1	    1	00410248ff2d0191ff02032f000d016500470142ff9a0180021c014701cb00d2ffb301da022201ef0170fea50113003b02990150ffa001c9022300c100b7fdd5fc99fec2fe67fcdffdecfbcffea5fe79fd67fefcfea2fe0efdbafe2dfd49ff08fbeffafafd4cfafffebc01b1fd61fdfbfb23fd6aff32fd73ff31ff1ffff500e3
0	    1	    1	    1	00410176ff040118fef90282ff4b00b8fff30135fecf0082012900a0018c0089ff5301ab01bb01740119fea300900027023400b1feaa018a022000810074fd59fc99fdf0fe3efc66fde3fb22fde3fdccfd13feeffdd7fd10fcc7fd86fd0afebffb8ffacbfce5fa84fe6501affcdefde7fabefccbfe3cfd34ff2efedfffb20067
0	    1	    1	    1	ff60011dfe8000c5fea0027bfe97ffd0ff5b0059fe79004d007a005001760029fe8500f901af00c6010afe29fff4ffe101a8ffbefdcf016901660048ffa1fd59fbb8fd97fdbafc13fd8afb1bfd2ffce4fc7bfe13fd81fcdbfc18fd36fcf4fe5ffac1fa19fcd9f9d6fe560135fc42fda1fa32fbd8fd61fd13fe74fea6fedf0067
0	    1	    1	    1	005801fefed90149fef302d4fe9e0084004300f1ff5500a300af00ff01c6003ffee501c7026100d201b8fe38006e007d01ee004afec2024401870102ffdafe2cfcb0fe78fe13fc97fdddfb74fd36fd98fd63feabfe5dfd31fc4dfde5fd44fe75fb21fae7fd8bf9e2ff040144fcbcfe3dfa78fc64fe54fdeefe95ff60ff18013a
0	    1	    1	    1	00580106fdf800f0fe6f0281fe45007dff8f0009febdffc7005900ca0117ffeffecf01670193002001acfd8a005f000301520004fe36015100ac00e1ff20fdf3fcb0fd80fd32fc3efd59fb21fcddfd91fcaffdc3fdc5fc55fbf7fdb0fc95fe25fb0bfa87fcbdf930fef80096fcadfdc3f9dcfc1efdc8fcfbfdbaff3ffe5e0101
0	    1	    1	    1	005200defd0900defda60219fddd0032ff39ffe7fe4fff1aff6900b700e9ff09fea1009b0114ffa800ddfce7ffaeff2d00e0ff18fd62009c00540017fe36fdf3fcaafd58fc43fc2cfc90fab9fc75fd46fc59fda1fd57fba8fb07fd9dfc67fd3ffaddf9bbfc3ef8b8fe29fff3fbfcfcedf96afb32fcf4fc46fd62fe75fd740101
0	    1	    1	    1	fff700d8fce1ffeffd940150fd75ffcafeeeff91fe2dfeacfebcffc700d6fedbfdbb006d0048ff290065fc18ff0bfe7c000afea6fc76ffc8ff9fffbffd6cfd09fd05fd5efc6bfd1bfca2fb82fcddfdaefca4fdf7fd79fc16fbb4fe8dfc7afd6dfbc3f9e9fd0af937fea100c2fc9ffd9efa40fba4fde0fd1afe17fecdfe3e01eb
0	    1	    1	    1	fff7007dfcdbffc7fca5013efcacff62fe86ff46fdd7fe8afe4eff1affe6fec8fd8dff87001afe5dffe6fba0fe3cfdd9ff59fdd0fc04fedcfecbff0afd14fc3ffd05fd03fc65fcf3fbb3fb70fc14fd46fc3cfdacfd23fbf4fb46fde0fb8afd5afb95f903fcdcf86bfe22004afbd0fcfbf98ffacefd6efc2efd43fe18fde60121
0	    1	    1	    1	ffeaffc3fbf1ff21fbe900c4fc73fea3fe80fe82fce8fe10fda9fed3ff85fe21fd6efeeeff44fdaeffc3fb40fd88fcfefe61fd99fb3efe3cfe7ffe63fc90fc3ffd12fdbdfd4ffd99fc6ffbeafc4dfe05fc42fe70fe12fc6efbebfe27fbebfe01fbb4f99cfdb2f91afe4500aafc84fdd6fa87fb05fe34fccefd8ffebffe6a0121
0	    1	    1	    1	ff13ffb6fb37fe37fb430008fbf9fe6afdc1fe7cfc24fd21fd2ffe2eff3efdc0fcc7fecffeabfcd8ff14fb1dfd28fc4afd86fca1fb07fd76fddffe17fbe9fbbbfde9fdcafe09fe83fd15fca6fcc7fe3efd01fe76fed6fd5dfc65feccfc32fe62fc5bf9bbfe4bf9f0fef400cdfce4fe8afb62fbfdfe6bfd94fe2fff0bff1101a5
0	    1	    1	    1	ff13fedffb2afd7dfa59ff62fb3dfdf0fd88fdbdfc1efc5dfc40fdb4fe99fd79fc66fe28fe8cfc3ffe3efa6efd05fbeafcd2fbc6fa0ffd3ffd19fd77fb9dfb14fde9fea1fe16ff3dfdfffd4cfd83feb8fd3aff35fedcfe21fd54ff46fcd7fea9fcbcfa62fe6afa89ffca017cfd07feeafc16fcd8ff63fdcbfef5ffabff5d024c
0	    1	    1	    1	ff36ff54fbb5fe63fb560029fbf0febbfe0ffdd6fc91fc69fce4fde8fed9fe17fcdcfeeafeabfc7fff2ffa7afdfcfc4bfd09fc4cfb05fde2fdcffe32fc8cfb14fe0cff16fea10023fefcfe13fe36ff83fdc1ff4eff4ffe2dfdf8ff7afd17ff47fd32fb24fe89fac900bb0188fdfeff4bfc4dfd5e0059fe6effab0066004c024c
0	    1	    1	    1	ff9fff77fc2afeeefc3c0126fcb7ff6efedafe5dfcaafcdcfcf0fe8cff0dfe57fd7aff60ff6dfc9eff6ffb6bfe08fd42fd6afc83fb8bfed8fe72fee8fd47fc03fe75ff39ff1600aeffe2ff10fefd0036fe8cffd5ff68fea0fe04001efd4bff87fdd0fb9aff4bfae800fb0279fe0a0042fcaefd9500dfff64004e011c0107033b
0	    1	    1	    1	ff9fff0efc07fe79fbb10040fbbafea7fe27fd92fc23fcc3fc7dfe80fe69fe23fd3afec2fef7fbdcff50fb2bfd17fd36fc73fc22fb54fe52fd7cfe45fc91fb48fe75ffa2ff390123006dfff6fffa00fdff3f00a0ffeffeb9fe77002afdefffbbfe10fc38ffc1fbaa011a02b9fefb004efda5fdf60116ffea014401bf01bd03f6
0	    1	    1	    1	0065ffb3fcbbfe96fc68010dfbbbff80fe2bfdf2fce3fce7fd12fec2fea0feddfe2dffa0ff93fcaaffaffbd8fd72fdb8fcfafc47fb7dfe53fe2bff1cfd56fb48ff3b0047ffed0140012400c3fffb01d6ff43010000affeddff0c006cfe260075ff03fd16005dfc7801790366ff5600d0fe2cfe1b013fffeb01f30296028203f6
0	    1	    1	    1	ff9ffeedfc16fde2fc4b0056faeeff7ffd52fdeefc83fc27fceefe2dfe5efea6fd73feadfeb5fc0efee1fb79fcc5fd5dfc78fbc0fb58fe2afe2afe6dfc7ffa830001010d009201f40141017a00c801d7001c0104010fff9dff300101fe6800acffbdfe09013bfd14024703c50003012bfeaefea20164001401f40345035904bb
1	    1	    1	    1	ff9ffe27fb50fd3dfb970039fa37feb2fd51fd15fc7ffbc7fc2efe09fdc9fe64fd3cfdf3fdc2fb30fe45faabfc66fcb0fc1dfb3efad1fe05fe01fe6cfbd0f9ac00010047ffcc014f008d015d0011010a001b002b010bff3dfe7000ddfdd3006aff86fd4f0048fc3601ab02f7ffa4007efe53fe2000ddffef01cb034402aa03e4
0	    1	    1	    1	013502fdff78009603310148017401a302bc00f6fff500cd009400f102f6ffa401ab04eb008100c203cb000b01770007025402aafe100056028802e10043025d000fff39fe8efb98fcabfe08fe56fecbfe20fef6fc81fc17fe2cfd07fd40fdb2ff1ffd73ff2ffe1ef977fd3bfbcbfc1ffd44fc84fb52faa40104fcc1fbd7f8cf
1	    1	    1	    1	01350237feb2fff1027d012b00bd00d602bb001dfff1006dffd400cd0261ff6201740431ff8effe4032fff3d0118ff5a01f90228fd890031025f02e0ff940186000fffffff54fc3dfd5ffe25ff0dff98fe21ffcffc85fc77feecfd2bfdd5fdf4ff56fe2d0022fefcfa13fe09fc2afcccfd9ffd06fbd9fac9012dfcc2fc86f9a6
0	    1	    1	    1	054d03df049c028e0227051c048603a3013e029802df0603046a01a7032e039203db05df049b09dc026f01b700ff001b065a069a016201a80318012f023d01b1025dff11fe66fd7a006dffe2ff4cfd5501f0ff360067fde9fdb6feef0182fe44ff7dfe9bfd3bff26fe57fba9feb5fedffc340158fe80ff12fff20163fc11ff7b
1	    1	    1	    1	054d04a50562033302db0539053d0470013f037102e30663052a01cb03c303d404120699058e0aba030b0285015e00c806b5071c01e901cd0341013002ec0288025dffd7ff2cfe1f0121ffff0003fe2201f1000f006bfe49fe76ff130217fe86ffb4ff55fe2e0004fef3fc77ff14ff8cfc8f01daff07ff37001b0164fcc00052
0	    1	    1	    1	0039fecd01a002f8002f0298ff7c010bffaefeaa021f02430236ffe1fe7e0170021302cd0225ffd0006bffff021d01a70256fffe01aa02000006ff1b0015ff05ff99fc5ffbb4fcdafaa3fa70fd08fdfdfca4f966fce7fafffdb8fd0bfc3cfda0ff5bfe19fac5fcf0fd65fa75fe7ffb9ffbd4fff4fdcefb9afc4efb7bf9fdfcdf
1	    1	    1	    1	0039ff930266039d00e302b5003301d8ffafff83022302a302f60005ff1301b2024a0387031800ae010700cd027c025402b1008002310225002fff1c00c4ffdcff99fb99faeefc35f9effa53fc51fd30fca3f88dfce3fa9ffcf8fce7fba7fd5eff24fd5ff9d2fc12fcc9f9a7fe20faf2fb79ff72fd47fb75fc25fb7af94efc08
0	    1	    1	    1	02b9042d004a008c023b021efe8e024f017a035c03a302bb0392002f01c00200012f024f0129037c01c300fd0221026d04e6066c03f20298026401e10201fff5fe3ff81ffb30fe4ef683faa8f958fa03fa7ef62ef8bbfaf3fa28fc8ff9d6fccafc8dfbfffb49f9faffeffa39fd1ffe2bfb3afbe6fb2200baf95cfa39faf9fe49
1	    1	    1	    1	02b904f30110013102ef023bff45031c017b043503a7031b045200530255024201660309021c045a025f01cb0280031a054106ee047902bd028d01e202b000ccfe3ff759fa6afda9f5cffa8bf8a1f936fa7df555f8b7fa93f968fc6bf941fc88fc56fb45fa56f91cff53f96bfcc0fd7efadffb64fa9b0095f933fa38fa4afd72
0	    1	    1	    1	fb6df813fc64f6a2fb81f650fabef9e1f7cef9eaf8bbfa93fb4cf8b5f8fafcdcfc13f9ddf7f1f75af921ff29f8cbfd0ff8c6fad2fa06f8dcfbc6fa1dfa0ffb070127066504e008ba0565061207c206a9067e026e050504cf076207fb065e037004c9051d072705ca06f702e3057f044d067803f606c0084405fc044707250785
1	    1	    1	    1	fb6df8d9fd2af747fc35f66dfb75faaef7cffac3f8bffaf3fc0cf8d9f98ffd1efc4afa97f8e4f838f9bdfff7f92afdbcf921fb54fa8df901fbeffa1efabefbde0127072b05a6095f0619062f08790776067f03470509052f0822081f06f303b2050005d7081a06a8079303b105de04fa06d30478074708690625044807d4085c
0	    1	    1	    1	02990285fdbe01bc026f016a035800ab02fc02de0359035f02ba040d020a005effebff9902b502f600d900a5ffaf017504c40694ffb803c6040c014b002305ff040b0173fe14044afec50524015c025904ec028cfedd006f007601630050ff78013100e3feaf010204d7006902bbfea101e801ba007a01eaffc201a7050d063b
1	    1	    1	    1	0299034bfe84026103230187040f017802fd03b7035d03bf037a0431029f00a00022005303a803d401750173000e0222051f0716003f03eb0435014c00d206d6040b00adfd4e03a5fe11050700a5018c04eb01b3fed9000fffb6013fffbbff3600fa0029fdbc0024043bff9b025cfdf4018d0138fff301c5ff9901a6045e0564
0	    1	    1	    1	012d0127030c051a00a3052402fc0295015c0782049b066104dc014d01de049e00d101db03a1035c02cd035b01f1017504ea01480008039c052a006d05170183ffd7035d058a03fc058d033e027afff303f6ffb401ad01b3020401e5036201ca03c9028f0349048802f1039102f10419018c032e04e6032405700513033f01bf
1	    1	    1	    1	012d01ed03d205bf0157054103b30362015d085b049f06c1059c0171027304e0010802950494043a0369042902500222054501ca008f03c10553006e05c6025affd7029704c4035704d9032101c3ff2603f5fedb01a90153014401c102cd0188039201d5025603aa025502c30292036c013102ac045f02ff05470512029000e8
0	    1	    1	    1	fd9f0275fc7cfc0efd17fa06008e0053fd7afed40083fb53fe9c000bffb0fe90fdd1fd65ffa5ff76fe0bfcc7ff99fca1fcee019cff68fbf0fde8fec5fbe5fe4702cbfeb9fecc0290fe630222fea001b500eaffe2ff03feb900f2010dfe8c010a01870419fe75fe76ff8bff69039903bf02d6fe88007a04b0feb20173017b0157
1	    1	    1	    1	fd9f01affbb6fb69fc63f9e9ffd7ff86fd79fdfb007ffaf3fddcffe7ff1bfe4efd9afcabfeb2fe98fd6ffbf9ff3afbf4fc93011afee1fbcbfdbffec4fb36fd7002cbfdf3fe0601ebfdaf0205fde900e800e9ff09fefffe59003200e9fdf700c80150035ffd82fd98feeffe9b033a0312027bfe06fff3048bfe89017200cc0080
0	    1	    1	    1	fea1fe17fff0fd8cff13ff92fffefe93ff2cffe800730097fd86fe29ff36fca0fe7dfb97fcb1fb44ffd9fe5dfd8bfe39fcd8fd060140fd6efc5efdb9fe91027dfc89fe01006800a8fea9fe860150fecffc92feaeff4bff9101d600ddfcd0022cfecd001700affd1cff1d00f1fe9f02e7ffccfcea01300136fcc2ff95fe61fdf9
1	    1	    1	    1	fea1fedd00b6fe31ffc7ffaf00b5ff60ff2d00c1007700f7fe46fe4dffcbfce2feb4fc51fda4fc220075ff2bfdeafee6fd33fd8801c7fd93fc87fdbaff400354fc89fd3bffa20003fdf5fe690099fe02fc91fdd5ff47ff31011600b9fc3b01eafe96ff5dffbcfc3efe810023fe40023aff71fc6800a90111fc99ff94fdb2fd22
0	    1	    1	    1	fdd3fd8dfe60ff80fe25fc46f92efc470192fdbafe6bfdebf928fd1f001afca0fb77fcebfccdfe30feb9fd05ff4bfe21fe1efa6afcba01a4fdb6fe87fe27fe25feb501c9ff84fbe00089f9b80044ff17fefafe7cfee1fee5ff42fe7f00d0ff28fd67fff5fc7d012800dffe81fe77ff67fde2045403ea0188ff28000dfcadfeaf
1	    1	    1	    1	fdd3fe53ff260025fed9fc63f9e5fd140193fe93fe6ffe4bf9e8fd4300affce2fbaefda5fdc0ff0eff55fdd3ffaafecefe79faecfd4101c9fddffe88fed6fefcfeb5028f004afc85013df9d500fbffe4fefbff55fee5ff450002fea30165ff6afd9e00affd700206017bff4ffed60014fe3d04d6047101adff51000efd5cff86
0	    1	    1	    1	fba3fed3ff42ff78018dfd960138fe090066fdae016500cffe54fff1ffd2ff4eff4ffd27fee7fbaa014701b9fe7500b9fd4aff9000560078fe8efc3dffa901890151ff5b017c0210fe3902000368fd4901200174026900bf0112ff73004e013e012f006bfec7fe7800d9fcf501eb00ddfdd6009400cefee2fe12ffe70223fe6f
1	    1	    1	    1	fba3ff990008001d0241fdb301effed60067fe870169012fff1400150067ff90ff86fde1ffdafc8801e30287fed40166fda5001200dd009dfeb7fc3e005802600151fe9500b6016bfd8501e302b1fc7c011f009b0265005f0052ff4fffb900fc00f8ffb1fdd4fd9a003dfc27018c0030fd7b00120047febdfde9ffe60174fd98
0	    1	    1	    1	01b3007303520150073702640480028f058402820453051f014802450528007205a7033f0319058800bd047b01490397064402be01840320071401c502c70299fdb7fcddfc4ef91cfc33f600fbdcfd73f9e2fb42f9f1fa83fb0efbb1fc20fc36fcc9fcc3f859fb740033fdf5fac5fb91f81afe1afc9cfa64fd56fed5fab3fdc5
1	    1	    1	    1	01b30139041801f507eb02810537035c0585035b0457057f0208026905bd00b405de03f9040c06660159054901a80444069f0340020b0345073d01c603760370fdb7fc17fb88f877fb7ff5e3fb25fca6f9e1fa69f9edfa23fa4efb8dfb8bfbf4fc92fc09f766fa96ff97fd27fa66fae4f7bffd98fc15fa3ffd2dfed4fa04fcee
0	    1	    1	    1	fe95ff79fa1afff4fd550130fed4fdf300b6fecafd5bff79ff0efeb7fddefdcafed7ffcbfde1fbe4fec5ffbdfd8bfdf9fe2cfbe6fae0fc38fc4cfe49fc77fed304ab0327076c034606590384043a028508000452061303c30288024704b8025005fd049702a904e805530295057903d3021003c80540046003cc061b078b036b
1	    1	    1	    1	fe95003ffae00099fe09014dff8bfec000b7ffa3fd5fffd9ffcefedbfe73fe0cff0e0085fed4fcc2ff61008bfdeafea6fe87fc68fb67fc5dfc75fe4afd26ffaa04ab026106a602a105a50367038301b807ff0379060f036301c802230423020e05c603dd01b6040a04b701c7051a032601b5034604b9043b03a3061a06dc0294
0	    1	    1	    1	024101b303f203b20311035800a60275060afff201cb016100dc0149019a0168044f03fb03b102c0040d03190305037b003affce02a2045c026005b5044b024903b903cd085203ce055b0576063204d5038a0510076f03db0360019f02c60596040b0347061306cc023d03150153030905f0012801fe02fc067604cd07a70069
1	    1	    1	    1	0241027904b8045703c50375015d0342060b00cb01cf01c1019c016d022f01aa048604b504a4039e04a903e7036404280095005003290481028905b604fa032003b9049309180473060f059306e905a2038b05e90773043b042001c3035b05d804420401070607aa02d903e301b203b6064b01aa02850321069f04ce08560140
0	    1	    1	    1	0427fdeb007a00060155018a010400d50272054801a7036500380249ff7600eaffafffc7012d002afdfd017300650383026601be00f4047afe7c018b0389031d02cd023f004a00a2ff71005200a2ff65fd44017e011f00e7022cffcdff5c00de01a503efffbbff1cff57ff8701cf023dffd603a60358fedaff7200b3fc2dfea5
1	    1	    1	    1	0427fd25ffb4ff6100a1016d004d00080271046f01a30305ff780225fee100a8ff78ff0d003aff4cfd6100a5000602d6020b013c006d0455fe53018a02da024602cd0305011001470025006f01590032fd4502570123014702ecfff1fff1012001dc04a900aefffafff30055022e02ea0031042803dffeffff9b00b4fcdcff7c
0	    1	    1	    1	0000000000000000000000000000000000000000000000000000000000000000000000000000000000000000000000000000000000000000000000000000000000000000000000000000000000000000000000000000000000000000000000000000000000000000000000000000000000000000000000000000000000000000
0	    1	    1	    1	fff8ff66ffe5ffceff19ffceffdbffd6ff33ff4eff48ff94ffefff48ff73ffb3ff93ffecff3cffbaffffff65ff7eff52ffedff66ff0dffbbffd4ff91ffa700000008009a001b003200e700320025002a00cd00b200b8006c001100b8008d004d006d001400c400460001009b008200ae0013009a00f30045002c006f00590000
0	    1	    1	    1	006bff6e007fffe9ff4b00b5000dfffbff5d001bfffa004c005bff59002b0040ffe00059ff50007e0045ff660019ffd4009bff79ffa700ae0019ffbd00160059ff950092ff81001700b5ff4bfff3000500a3ffe50006ffb4ffa500a7ffd5ffc00020ffa700b0ff82ffbb009affe7002cff6500870059ff52ffe70043ffeaffa7
0	    1	    1	    1	006bffe100870083ff6600e700f4002dff82004500c700fe0113ffc5003c00f8006d00a6ffbd00920109ffac001a006f011d0027ffba0148010c0002004200c8ff950105ff8900b100d0ff7d00da003700c8000f00d30066005d0113ffe6007800adfff4011dff96007f00e0ffe800c7ffe70135006cffec00da008800160016
0	    1	    1	    1	01510059013300aa00200178011f00ceffff00e500fe013201600045006e019900d0010a006801740110ffef005000b801fd00ae0017019c0155009b011c00c8feaf008dfedd008a0016feec00afff96004bff6f009c003200100093ffb4ffd7004aff900072feb40078009dffb2007eff0700ae000fff980091ffefff3c0016
0	    1	    1	    1	00b4ff7300bbfffefff900be008e00a3ff5e0068005e00fb012cfff8ffee0167002f00a7000400c9002effe8000d008201b4ffceff90013f010100520083ffeefe12ffa7fe65ffdeffeffe32001eff6bffaafef2fffcfffbffdc0046ff34ffa5ffa9ff2d000efe09ff960096ff6f0048febeffceff88ff3b003dffa6fea3ff3c
0	    1	    1	    1	00b4fed6ffd5ff86ff4d0097ffd40012ff33ffc7ffe1005b00f5ffc4ffa100e7fffd0006ffa10065ff83ff060006003f017eff85feb000b800a4fffe003aff55fe120044ff4b0056009bfe5900d8fffcffd5ff930079009b0013007aff810025ffdbffce0071fe6d00410178ff76008bfef400170068ffc2009afffafeecffd5
0	    1	    1	    1	000bfea0ff92fef2feb50006ff8cff7bfe7eff7cff05ffde00b2ff45ff9c00a9ff1fffe2fedaffa0ff53fedbfffa00360090ff85feae00b2ffd3fff50007ff55fd69000eff08ffc20003fdc80090ff65ff20ff48ff9d001effd0fffbff7cffe7fefdffaaffaafda80011014dff6a0082fe0600170066ffbcffc9fff1feb9ffd5
0	    1	    1	    1	00fcff49ffc8ff35ff49009e001dffc3ff150031ff5000ba012fff88001b00aeff5d00c0fefe00670018ff0b0025004200990073feae00b4ffd900c60010ff88fc78ff65fed2ff7fff6ffd30ffffff1dfe89fe93ff52ff42ff53ffb8fefdffe2febffeccff86fce1ff4c011dff3f0076fdfdff290066ffbaffc3ff20feb0ffa2
0	    1	    3	    1	00fc003a0071ff6bff8c013200b50054ff5d00c800050105020b0005005e012dff6200feffdc008b00dfffd00055006d00a5007cff9c00b4ffdb00cc00e1ff91fc780056ff7bffb5ffb2fdc40097ffaefed1ff2a0007ff8d002f0035ff400061fec4ff0a0064fd05001301e2ff6f00a1fe09ff320154ffbaffc5ff26ff81ffab
0	    1	    3	    1	0100013700e0005aff8e022f017e0077ff6701600096019602e4007d00f5020e001601db00b401460175ffe6011400ad00bd015b003800b4007d016e0123ff91fc74ff59ff0cfec6ffb0fcc7ffceff8bfec7fe92ff76fefcff56ffbdfea9ff80fe10fe2dff8cfc4aff7d01ccfeb00061fdf1fe5300b8ffbaff23fe84ff3fffab
0	    1	    3	    1	00d90133ffe3ffebfe9f022d0081ffaeff440156fffe01050253ffa4007d0177ff350127ffd7006e00baff5000feffee007d0143ff590018007d00cc0081ff4ffc4dff55fe0ffe57fec1fcc5fed1fec2fea4fe88fedefe6bfec5fee4fe31fee9fd2ffd79feaffb72fec20136fe9affa2fdb1fe3bffd9ff1eff23fde2fe9dff69
0	    1	    3	    1	00d9015affe700e8ff0e031c008300ab000d01790008019d02e40035015601efffcc0208008b014b0192000b01940004013c0183ff7100f7011900cc0123fff1fc4dff2efe0bfd5afe52fbd6fecffdc5fddbfe65fed4fdd3fe34fe53fd58fe71fc98fc98fdfbfa95fdea007bfe04ff8cfcf2fdfbffc1fe3ffe87fde2fdfbfec7
0	    1	    3	    1	00740126feeb0093fe2b0271ffdf00a4ff2d0130ff5c00f301eb000a00d201a3fed701200075013b0171ffd200b2ff4401030117fe7600ca010d008b00f8fff1fbe8fefafd0ffd05fd6ffb2bfe2bfdbefcfbfe1cfe28fd29fd3bfe28fcd4fe25fba3fbb0fde5fa85fdc90042fd22feccfcb9fd8ffec6fe12fe7bfda1fdd0fec7
0	    1	    3	    1	0101018bff1f018ffe800354008a0148ff340210ffa5019f0295010300fd0227ff230215015d01510181fff300eb002601c30150fee201c5013a00970139001cfb5bfe95fcdbfc09fd1afa48fd80fd1afcf4fd3cfddffc7dfc91fd2ffca9fda1fb57fabbfcfdfa6ffdb90021fce9fdeafbf9fd56fe5afd17fe4efd95fd8ffe9c
0	    1	    3	    1	01010218ff8401c3ff7c03a9016d01f3ffd80217008501e8034101ad01f60252ffa702610252023901970003010c005f02a50210ff1b0231023500c40145005dfb5bfe08fc76fbd5fc1ef9f3fc9dfc6ffc50fd35fcfffc34fbe5fc85fbb0fd76fad3fa6ffc08f987fda30011fcc8fdb1fb17fc96fe21fcabfd53fd68fd83fe5b
0	    1	    3	    1	0140028d0051022f0026045a01c102b1009b029000e102a10399024e02ad025b003b026302dc02d002100024015c007202a5021affe60261031b019e0237005dfb9afe7dfd43fc41fcc8faa4fcf1fd2dfd13fdaefd5bfcedfc3dfd26fc67fd7ffb67fa71fc92fa1efe1c0032fd18fdc4fb17fca0feecfcdbfe39fe42fe75fe5b
0	    1	    3	    1	00ea024effdc0162ffba03b00110025dffdd01cd0068024502e001f6020c01a4003201cf02da02460179ffab013b00220292021affdc019602eb00b8015dff6bfbf0febcfdb8fd0efd34fb4efda2fd81fdd1fe71fdd4fd49fcf6fd7efd08fe36fb70fb05fc94faa8feb300abfd39fe14fb2afca0fef6fda6fe69ff28ff4fff4d
0	    1	    3	    1	00ea01f8ff9d00edfeed0344006601acff89010fffa501cc0284013d01b40103ff7b01c60246024400efff1400c2000102420207ffdc018c022000880077fe91fbf0ff12fdf7fd83fe01fbbafe4cfe32fe25ff2ffe97fdc2fd52fe37fd60fed7fc27fb0efd28faaaff3d0142fdb2fe35fb7afcb3fef6fdb0ff34ff5800350027
0	    1	    3	    1	01130271ffa6019affaf03f100ba01b90054020d0098027302c3018602140132ffe20241029d02460172ff28012700a003380246ffdf01cc026301040133fe91fbc7fe99fdeefcd6fd3ffb0dfdf8fe25fd5afe31fda4fd1bfd13fdeefd00fea8fbc0fa93fcd1faa8feba012efd4dfd96fa84fc74fef3fd70fef1fedcff790027
0	    1	    3	    1	00410248ff2d0191ff02032f000d016500470142ff9a0180021c014701cb00d2ffb301da022201ef0170fea50113003b02990150ffa001c9022300c100b7fdd5fc99fec2fe67fcdffdecfbcffea5fe79fd67fefcfea2fe0efdbafe2dfd49ff08fbeffafafd4cfafffebc01b1fd61fdfbfb23fd6aff32fd73ff31ff1ffff500e3
0	    1	    3	    1	00410176ff040118fef90282ff4b00b8fff30135fecf0082012900a0018c0089ff5301ab01bb01740119fea300900027023400b1feaa018a022000810074fd59fc99fdf0fe3efc66fde3fb22fde3fdccfd13feeffdd7fd10fcc7fd86fd0afebffb8ffacbfce5fa84fe6501affcdefde7fabefccbfe3cfd34ff2efedfffb20067
0	    1	    3	    1	ff60011dfe8000c5fea0027bfe97ffd0ff5b0059fe79004d007a005001760029fe8500f901af00c6010afe29fff4ffe101a8ffbefdcf016901660048ffa1fd59fbb8fd97fdbafc13fd8afb1bfd2ffce4fc7bfe13fd81fcdbfc18fd36fcf4fe5ffac1fa19fcd9f9d6fe560135fc42fda1fa32fbd8fd61fd13fe74fea6fedf0067
0	    1	    3	    1	005801fefed90149fef302d4fe9e0084004300f1ff5500a300af00ff01c6003ffee501c7026100d201b8fe38006e007d01ee004afec2024401870102ffdafe2cfcb0fe78fe13fc97fdddfb74fd36fd98fd63feabfe5dfd31fc4dfde5fd44fe75fb21fae7fd8bf9e2ff040144fcbcfe3dfa78fc64fe54fdeefe95ff60ff18013a
0	    1	    3	    1	00580106fdf800f0fe6f0281fe45007dff8f0009febdffc7005900ca0117ffeffecf01670193002001acfd8a005f000301520004fe36015100ac00e1ff20fdf3fcb0fd80fd32fc3efd59fb21fcddfd91fcaffdc3fdc5fc55fbf7fdb0fc95fe25fb0bfa87fcbdf930fef80096fcadfdc3f9dcfc1efdc8fcfbfdbaff3ffe5e0101
0	    1	    3	    1	005200defd0900defda60219fddd0032ff39ffe7fe4fff1aff6900b700e9ff09fea1009b0114ffa800ddfce7ffaeff2d00e0ff18fd62009c00540017fe36fdf3fcaafd58fc43fc2cfc90fab9fc75fd46fc59fda1fd57fba8fb07fd9dfc67fd3ffaddf9bbfc3ef8b8fe29fff3fbfcfcedf96afb32fcf4fc46fd62fe75fd740101
0	    1	    3	    1	fff700d8fce1ffeffd940150fd75ffcafeeeff91fe2dfeacfebcffc700d6fedbfdbb006d0048ff290065fc18ff0bfe7c000afea6fc76ffc8ff9fffbffd6cfd09fd05fd5efc6bfd1bfca2fb82fcddfdaefca4fdf7fd79fc16fbb4fe8dfc7afd6dfbc3f9e9fd0af937fea100c2fc9ffd9efa40fba4fde0fd1afe17fecdfe3e01eb
0	    1	    3	    1	fff7007dfcdbffc7fca5013efcacff62fe86ff46fdd7fe8afe4eff1affe6fec8fd8dff87001afe5dffe6fba0fe3cfdd9ff59fdd0fc04fedcfecbff0afd14fc3ffd05fd03fc65fcf3fbb3fb70fc14fd46fc3cfdacfd23fbf4fb46fde0fb8afd5afb95f903fcdcf86bfe22004afbd0fcfbf98ffacefd6efc2efd43fe18fde60121
0	    1	    3	    1	ffeaffc3fbf1ff21fbe900c4fc73fea3fe80fe82fce8fe10fda9fed3ff85fe21fd6efeeeff44fdaeffc3fb40fd88fcfefe61fd99fb3efe3cfe7ffe63fc90fc3ffd12fdbdfd4ffd99fc6ffbeafc4dfe05fc42fe70fe12fc6efbebfe27fbebfe01fbb4f99cfdb2f91afe4500aafc84fdd6fa87fb05fe34fccefd8ffebffe6a0121
0	    1	    3	    1	ff13ffb6fb37fe37fb430008fbf9fe6afdc1fe7cfc24fd21fd2ffe2eff3efdc0fcc7fecffeabfcd8ff14fb1dfd28fc4afd86fca1fb07fd76fddffe17fbe9fbbbfde9fdcafe09fe83fd15fca6fcc7fe3efd01fe76fed6fd5dfc65feccfc32fe62fc5bf9bbfe4bf9f0fef400cdfce4fe8afb62fbfdfe6bfd94fe2fff0bff1101a5
0	    1	    3	    1	ff13fedffb2afd7dfa59ff62fb3dfdf0fd88fdbdfc1efc5dfc40fdb4fe99fd79fc66fe28fe8cfc3ffe3efa6efd05fbeafcd2fbc6fa0ffd3ffd19fd77fb9dfb14fde9fea1fe16ff3dfdfffd4cfd83feb8fd3aff35fedcfe21fd54ff46fcd7fea9fcbcfa62fe6afa89ffca017cfd07feeafc16fcd8ff63fdcbfef5ffabff5d024c
0	    1	    3	    1	ff36ff54fbb5fe63fb560029fbf0febbfe0ffdd6fc91fc69fce4fde8fed9fe17fcdcfeeafeabfc7fff2ffa7afdfcfc4bfd09fc4cfb05fde2fdcffe32fc8cfb14fe0cff16fea10023fefcfe13fe36ff83fdc1ff4eff4ffe2dfdf8ff7afd17ff47fd32fb24fe89fac900bb0188fdfeff4bfc4dfd5e0059fe6effab0066004c024c
0	    1	    3	    1	ff9fff77fc2afeeefc3c0126fcb7ff6efedafe5dfcaafcdcfcf0fe8cff0dfe57fd7aff60ff6dfc9eff6ffb6bfe08fd42fd6afc83fb8bfed8fe72fee8fd47fc03fe75ff39ff1600aeffe2ff10fefd0036fe8cffd5ff68fea0fe04001efd4bff87fdd0fb9aff4bfae800fb0279fe0a0042fcaefd9500dfff64004e011c0107033b
0	    1	    3	    1	ff9fff0efc07fe79fbb10040fbbafea7fe27fd92fc23fcc3fc7dfe80fe69fe23fd3afec2fef7fbdcff50fb2bfd17fd36fc73fc22fb54fe52fd7cfe45fc91fb48fe75ffa2ff390123006dfff6fffa00fdff3f00a0ffeffeb9fe77002afdefffbbfe10fc38ffc1fbaa011a02b9fefb004efda5fdf60116ffea014401bf01bd03f6
0	    1	    3	    1	0065ffb3fcbbfe96fc68010dfbbbff80fe2bfdf2fce3fce7fd12fec2fea0feddfe2dffa0ff93fcaaffaffbd8fd72fdb8fcfafc47fb7dfe53fe2bff1cfd56fb48ff3b0047ffed0140012400c3fffb01d6ff43010000affeddff0c006cfe260075ff03fd16005dfc7801790366ff5600d0fe2cfe1b013fffeb01f30296028203f6
0	    1	    3	    1	ff9ffeedfc16fde2fc4b0056faeeff7ffd52fdeefc83fc27fceefe2dfe5efea6fd73feadfeb5fc0efee1fb79fcc5fd5dfc78fbc0fb58fe2afe2afe6dfc7ffa830001010d009201f40141017a00c801d7001c0104010fff9dff300101fe6800acffbdfe09013bfd14024703c50003012bfeaefea20164001401f40345035904bb
1	    1	    3	    1	ff9ffe27fb50fd3dfb970039fa37feb2fd51fd15fc7ffbc7fc2efe09fdc9fe64fd3cfdf3fdc2fb30fe45faabfc66fcb0fc1dfb3efad1fe05fe01fe6cfbd0f9ac00010047ffcc014f008d015d0011010a001b002b010bff3dfe7000ddfdd3006aff86fd4f0048fc3601ab02f7ffa4007efe53fe2000ddffef01cb034402aa03e4
0	    1	    3	    1	013502fdff78009603310148017401a302bc00f6fff500cd009400f102f6ffa401ab04eb008100c203cb000b01770007025402aafe100056028802e10043025d000fff39fe8efb98fcabfe08fe56fecbfe20fef6fc81fc17fe2cfd07fd40fdb2ff1ffd73ff2ffe1ef977fd3bfbcbfc1ffd44fc84fb52faa40104fcc1fbd7f8cf
1	    1	    3	    1	01350237feb2fff1027d012b00bd00d602bb001dfff1006dffd400cd0261ff6201740431ff8effe4032fff3d0118ff5a01f90228fd890031025f02e0ff940186000fffffff54fc3dfd5ffe25ff0dff98fe21ffcffc85fc77feecfd2bfdd5fdf4ff56fe2d0022fefcfa13fe09fc2afcccfd9ffd06fbd9fac9012dfcc2fc86f9a6
0	    1	    3	    1	054d03df049c028e0227051c048603a3013e029802df0603046a01a7032e039203db05df049b09dc026f01b700ff001b065a069a016201a80318012f023d01b1025dff11fe66fd7a006dffe2ff4cfd5501f0ff360067fde9fdb6feef0182fe44ff7dfe9bfd3bff26fe57fba9feb5fedffc340158fe80ff12fff20163fc11ff7b
1	    1	    3	    1	054d04a50562033302db0539053d0470013f037102e30663052a01cb03c303d404120699058e0aba030b0285015e00c806b5071c01e901cd0341013002ec0288025dffd7ff2cfe1f0121ffff0003fe2201f1000f006bfe49fe76ff130217fe86ffb4ff55fe2e0004fef3fc77ff14ff8cfc8f01daff07ff37001b0164fcc00052
0	    1	    3	    1	0039fecd01a002f8002f0298ff7c010bffaefeaa021f02430236ffe1fe7e0170021302cd0225ffd0006bffff021d01a70256fffe01aa02000006ff1b0015ff05ff99fc5ffbb4fcdafaa3fa70fd08fdfdfca4f966fce7fafffdb8fd0bfc3cfda0ff5bfe19fac5fcf0fd65fa75fe7ffb9ffbd4fff4fdcefb9afc4efb7bf9fdfcdf
1	    1	    3	    1	0039ff930266039d00e302b5003301d8ffafff83022302a302f60005ff1301b2024a0387031800ae010700cd027c025402b1008002310225002fff1c00c4ffdcff99fb99faeefc35f9effa53fc51fd30fca3f88dfce3fa9ffcf8fce7fba7fd5eff24fd5ff9d2fc12fcc9f9a7fe20faf2fb79ff72fd47fb75fc25fb7af94efc08
0	    1	    3	    1	02b9042d004a008c023b021efe8e024f017a035c03a302bb0392002f01c00200012f024f0129037c01c300fd0221026d04e6066c03f20298026401e10201fff5fe3ff81ffb30fe4ef683faa8f958fa03fa7ef62ef8bbfaf3fa28fc8ff9d6fccafc8dfbfffb49f9faffeffa39fd1ffe2bfb3afbe6fb2200baf95cfa39faf9fe49
1	    1	    3	    1	02b904f30110013102ef023bff45031c017b043503a7031b045200530255024201660309021c045a025f01cb0280031a054106ee047902bd028d01e202b000ccfe3ff759fa6afda9f5cffa8bf8a1f936fa7df555f8b7fa93f968fc6bf941fc88fc56fb45fa56f91cff53f96bfcc0fd7efadffb64fa9b0095f933fa38fa4afd72
0	    1	    3	    1	fb6df813fc64f6a2fb81f650fabef9e1f7cef9eaf8bbfa93fb4cf8b5f8fafcdcfc13f9ddf7f1f75af921ff29f8cbfd0ff8c6fad2fa06f8dcfbc6fa1dfa0ffb070127066504e008ba0565061207c206a9067e026e050504cf076207fb065e037004c9051d072705ca06f702e3057f044d067803f606c0084405fc044707250785
1	    1	    3	    1	fb6df8d9fd2af747fc35f66dfb75faaef7cffac3f8bffaf3fc0cf8d9f98ffd1efc4afa97f8e4f838f9bdfff7f92afdbcf921fb54fa8df901fbeffa1efabefbde0127072b05a6095f0619062f08790776067f03470509052f0822081f06f303b2050005d7081a06a8079303b105de04fa06d30478074708690625044807d4085c
0	    1	    3	    1	02990285fdbe01bc026f016a035800ab02fc02de0359035f02ba040d020a005effebff9902b502f600d900a5ffaf017504c40694ffb803c6040c014b002305ff040b0173fe14044afec50524015c025904ec028cfedd006f007601630050ff78013100e3feaf010204d7006902bbfea101e801ba007a01eaffc201a7050d063b
1	    1	    3	    1	0299034bfe84026103230187040f017802fd03b7035d03bf037a0431029f00a00022005303a803d401750173000e0222051f0716003f03eb0435014c00d206d6040b00adfd4e03a5fe11050700a5018c04eb01b3fed9000fffb6013fffbbff3600fa0029fdbc0024043bff9b025cfdf4018d0138fff301c5ff9901a6045e0564
0	    1	    3	    1	012d0127030c051a00a3052402fc0295015c0782049b066104dc014d01de049e00d101db03a1035c02cd035b01f1017504ea01480008039c052a006d05170183ffd7035d058a03fc058d033e027afff303f6ffb401ad01b3020401e5036201ca03c9028f0349048802f1039102f10419018c032e04e6032405700513033f01bf
1	    1	    3	    1	012d01ed03d205bf0157054103b30362015d085b049f06c1059c0171027304e0010802950494043a0369042902500222054501ca008f03c10553006e05c6025affd7029704c4035704d9032101c3ff2603f5fedb01a90153014401c102cd0188039201d5025603aa025502c30292036c013102ac045f02ff05470512029000e8
0	    1	    3	    1	fd9f0275fc7cfc0efd17fa06008e0053fd7afed40083fb53fe9c000bffb0fe90fdd1fd65ffa5ff76fe0bfcc7ff99fca1fcee019cff68fbf0fde8fec5fbe5fe4702cbfeb9fecc0290fe630222fea001b500eaffe2ff03feb900f2010dfe8c010a01870419fe75fe76ff8bff69039903bf02d6fe88007a04b0feb20173017b0157
1	    1	    3	    1	fd9f01affbb6fb69fc63f9e9ffd7ff86fd79fdfb007ffaf3fddcffe7ff1bfe4efd9afcabfeb2fe98fd6ffbf9ff3afbf4fc93011afee1fbcbfdbffec4fb36fd7002cbfdf3fe0601ebfdaf0205fde900e800e9ff09fefffe59003200e9fdf700c80150035ffd82fd98feeffe9b033a0312027bfe06fff3048bfe89017200cc0080
0	    1	    3	    1	fea1fe17fff0fd8cff13ff92fffefe93ff2cffe800730097fd86fe29ff36fca0fe7dfb97fcb1fb44ffd9fe5dfd8bfe39fcd8fd060140fd6efc5efdb9fe91027dfc89fe01006800a8fea9fe860150fecffc92feaeff4bff9101d600ddfcd0022cfecd001700affd1cff1d00f1fe9f02e7ffccfcea01300136fcc2ff95fe61fdf9
1	    1	    3	    1	fea1fedd00b6fe31ffc7ffaf00b5ff60ff2d00c1007700f7fe46fe4dffcbfce2feb4fc51fda4fc220075ff2bfdeafee6fd33fd8801c7fd93fc87fdbaff400354fc89fd3bffa20003fdf5fe690099fe02fc91fdd5ff47ff31011600b9fc3b01eafe96ff5dffbcfc3efe810023fe40023aff71fc6800a90111fc99ff94fdb2fd22
0	    1	    3	    1	fdd3fd8dfe60ff80fe25fc46f92efc470192fdbafe6bfdebf928fd1f001afca0fb77fcebfccdfe30feb9fd05ff4bfe21fe1efa6afcba01a4fdb6fe87fe27fe25feb501c9ff84fbe00089f9b80044ff17fefafe7cfee1fee5ff42fe7f00d0ff28fd67fff5fc7d012800dffe81fe77ff67fde2045403ea0188ff28000dfcadfeaf
1	    1	    3	    1	fdd3fe53ff260025fed9fc63f9e5fd140193fe93fe6ffe4bf9e8fd4300affce2fbaefda5fdc0ff0eff55fdd3ffaafecefe79faecfd4101c9fddffe88fed6fefcfeb5028f004afc85013df9d500fbffe4fefbff55fee5ff450002fea30165ff6afd9e00affd700206017bff4ffed60014fe3d04d6047101adff51000efd5cff86
0	    1	    3	    1	fba3fed3ff42ff78018dfd960138fe090066fdae016500cffe54fff1ffd2ff4eff4ffd27fee7fbaa014701b9fe7500b9fd4aff9000560078fe8efc3dffa901890151ff5b017c0210fe3902000368fd4901200174026900bf0112ff73004e013e012f006bfec7fe7800d9fcf501eb00ddfdd6009400cefee2fe12ffe70223fe6f
1	    1	    3	    1	fba3ff990008001d0241fdb301effed60067fe870169012fff1400150067ff90ff86fde1ffdafc8801e30287fed40166fda5001200dd009dfeb7fc3e005802600151fe9500b6016bfd8501e302b1fc7c011f009b0265005f0052ff4fffb900fc00f8ffb1fdd4fd9a003dfc27018c0030fd7b00120047febdfde9ffe60174fd98
0	    1	    3	    1	01b3007303520150073702640480028f058402820453051f014802450528007205a7033f0319058800bd047b01490397064402be01840320071401c502c70299fdb7fcddfc4ef91cfc33f600fbdcfd73f9e2fb42f9f1fa83fb0efbb1fc20fc36fcc9fcc3f859fb740033fdf5fac5fb91f81afe1afc9cfa64fd56fed5fab3fdc5
1	    1	    3	    1	01b30139041801f507eb02810537035c0585035b0457057f0208026905bd00b405de03f9040c06660159054901a80444069f0340020b0345073d01c603760370fdb7fc17fb88f877fb7ff5e3fb25fca6f9e1fa69f9edfa23fa4efb8dfb8bfbf4fc92fc09f766fa96ff97fd27fa66fae4f7bffd98fc15fa3ffd2dfed4fa04fcee
0	    1	    3	    1	fe95ff79fa1afff4fd550130fed4fdf300b6fecafd5bff79ff0efeb7fddefdcafed7ffcbfde1fbe4fec5ffbdfd8bfdf9fe2cfbe6fae0fc38fc4cfe49fc77fed304ab0327076c034606590384043a028508000452061303c30288024704b8025005fd049702a904e805530295057903d3021003c80540046003cc061b078b036b
1	    1	    3	    1	fe95003ffae00099fe09014dff8bfec000b7ffa3fd5fffd9ffcefedbfe73fe0cff0e0085fed4fcc2ff61008bfdeafea6fe87fc68fb67fc5dfc75fe4afd26ffaa04ab026106a602a105a50367038301b807ff0379060f036301c802230423020e05c603dd01b6040a04b701c7051a032601b5034604b9043b03a3061a06dc0294
0	    1	    3	    1	024101b303f203b20311035800a60275060afff201cb016100dc0149019a0168044f03fb03b102c0040d03190305037b003affce02a2045c026005b5044b024903b903cd085203ce055b0576063204d5038a0510076f03db0360019f02c60596040b0347061306cc023d03150153030905f0012801fe02fc067604cd07a70069
1	    1	    3	    1	0241027904b8045703c50375015d0342060b00cb01cf01c1019c016d022f01aa048604b504a4039e04a903e7036404280095005003290481028905b604fa032003b9049309180473060f059306e905a2038b05e90773043b042001c3035b05d804420401070607aa02d903e301b203b6064b01aa02850321069f04ce08560140
0	    1	    3	    1	0427fdeb007a00060155018a010400d50272054801a7036500380249ff7600eaffafffc7012d002afdfd017300650383026601be00f4047afe7c018b0389031d02cd023f004a00a2ff71005200a2ff65fd44017e011f00e7022cffcdff5c00de01a503efffbbff1cff57ff8701cf023dffd603a60358fedaff7200b3fc2dfea5
1	    1	    3	    1	0427fd25ffb4ff6100a1016d004d00080271046f01a30305ff780225fee100a8ff78ff0d003aff4cfd6100a5000602d6020b013c006d0455fe53018a02da024602cd0305011001470025006f01590032fd4502570123014702ecfff1fff1012001dc04a900aefffafff30055022e02ea0031042803dffeffff9b00b4fcdcff7c
0	    1	    3	    1	0000000000000000000000000000000000000000000000000000000000000000000000000000000000000000000000000000000000000000000000000000000000000000000000000000000000000000000000000000000000000000000000000000000000000000000000000000000000000000000000000000000000000000
0	    1	    3	    1	ffa5ff6dff2dff4dff49ffa4ff23ff28ff39ffc8ff8affaaffdcff4affb2ffc7ff83ffc4ff21ff46ff99ffb7ffbaff11ffdbff62ff99ff78ffa8ffb5ff350000005b009300d300b300b7005c00dd00d800c7003800760056002400b6004e0039007d003c00df00ba00670049004600ef0025009e006700880058004b00cb0000
0	    1	    3	    1	ffefffc8ffc00020fffc005bff7f00050011008fffc200200032ff6e00680015ffbc0041ff5d00250053001e0003ff5700caff870037ffdf0030000dff8000cb001100380040ffe00004ffa50081fffbffefff71003effe0ffce0092ff98ffeb0044ffbf00a3ffdbffadffe2fffd00a9ff360079ffc90021ffd0fff30080ff35
0	    1	    3	    1	ffef0012001b00b300cf010e0036006100ee01670089005800a8ffc4008c00cb000a007affda0061013200d8006affa001100076005c007d00970095ffd8011600110082009b007300d700580138005700cc004901050018004400e8ffbc00a10092fff801200017008c009c006400f2ff7c0168ffee00bf0037007b00d8ff80
0	    1	    3	    1	0075002f005000bc01aa0160012900ad01da02640169005b013e000d0174010100e90093ffff014b01ba015a00cc007f0148009a0146012f012d012b00160116ff8b00650066006afffc00060045000bffe0ff4c00250015ffae009ffed4006bffb3ffdf00fbff2d0004001a00020013ff440144ff04000dffa1ffe5009aff80
0	    1	    3	    1	ffa7ffa90033008701a1008500d7ffba018e0178006cff7b013bff77012b001900b3ffb4ffe6012600d000d2004a001d0069006201220045007b0095ff8000d8febdffdf00490035fff3ff2bfff3ff18ff94fe60ff28ff35ffab0009fe8bff83ff7dff0000e2ff08ff1aff92ff80ffb1fe65010cfee0ff23feefff4f0004ff42
0	    1	    3	    1	ffa7fedbffad006a016c007cfffcff68009b012cff80fe7e005bff740095ffd0ffcbff7eff07010d00abffe8ffc2ff9b0007ff8300ea0021ff91ffe3feea0042febd00ad00cf00520028ff3400ceff6a0087feac00140032008b000cff21ffcc0065ff3601c1ff21ff3f007c00080033fec701ebff18ff47ffd90001009affd8
0	    1	    5	    1	ffa7fedbffad006a016c007cfffcff68009b012cff80fe7e005bff740095ffd0ffcbff7eff07010d00abffe8ffc2ff9b0007ff8300ea0021ff91ffe3feea0042febd00ad00cf00520028ff3400ceff6a0087feac00140032008b000cff21ffcc0065ff3601c1ff21ff3f007c00080033fec701ebff18ff47ffd90001009affd8
0	    1	    5	    1	0018ff130052010e01aa012d00a100660194014d0006fef601480072013000b100670025ff6f013f0155001c00b5fff600d4001201170088ffbb0061ff500042fe4c0075002affaeffeafe830029fe6cff8efe8bff8effbaff9eff0efe86feebffc9fe8f0159feeffe950048ff15ffd8fdfa015cfeebfee0ffafff830034ffd8
0	    1	    5	    1	ff71fea2001a0069010600effff0ffc100960054ffe5fe7000d0ff8500320016ff86ff89fec800d70123ff720081ff030079ff450088005bff540037fed2ffdcfda50004fff2ff09ff46fe45ff78fdc7fe90fd92ff6dff34ff26fe21fd88fe50fee8fdf300b2fe87fe63ff9efee1fee5fd9f008ffe5cfeb3ff48ff59ffb6ff72
0	    1	    5	    1	ff71ff49008b00a101ab0193002e0072013b015200defe910156fffd011f01140021006aff64017e018bffa4012bff37016cffa0015500eaff81009efefc005afda5ff5dff81fed1fea1fda1ff3afd16fdebfc94fe74ff13fea0fda9fc9bfd52fe4dfd120016fde0fdfbff6cfe37feb1fcac0034fd8ffe24ff1bfef2ff8cfef4
0	    1	    5	    1	ff32fecd0026ffd60113017affda0029009000ae0070fdba0099ff1f004a006cffd40069fec101640186fee50063fedd011cff0f01130022ff03fffffe5c005afd66fee1ff1cfe06fe09fd88fee6fccdfd40fbf0fe06fe3cfde3fccbfbc6fcaafe00fd11ff73fdc6fdf6feadfd6ffe57fc5cffa3fd4dfd5cfe9dfe53feecfef4
0	    1	    5	    1	ffc3ff0c00a2003b01de0212fff3007d00d901590114fe280170ffdc01280141007c00b6fec2020701a0feea0122ffa50176ff5f01a40064ffcb007dfefb00fafcd5fea2fea0fda1fd3efcf0fecdfc79fcf7fb45fd62fdcefd0cfc0efae8fbd5fd58fcc4ff72fd23fddcfea8fcb0fd8ffc02ff53fcbcfd1afdd5fdd5fe4dfe54
0	    1	    5	    1	ffc3ff9d00e100b7024302dd008b0096012d01a201bffecc01de00b301e5021f0151015eff0f02080243ff0401270064023effb901f400f5000d0145ff790199fcd5fe11fe61fd25fcd9fc25fe35fc60fca3fafcfcb7fd2afc9efb37fa2bfaf7fc83fc1cff25fd22fd39fe8efcabfcd0fb3afef9fc6cfc89fd93fd0dfdcffdb5
0	    1	    5	    1	006c0046014800c6026303b20100015101fb026002a7ff040264010e022402d501dc0244ff1f023e027dff5b012800e5025300220228015800e9022d006b0199fc2cfd68fdfafd16fcb9fb50fdc0fba5fbd5fa3efbcffcf2fc18fadcf9ecfa41fbf8fb36ff15fcecfcfffe37fcaafc4ffb25fe90fc38fc26fcb7fc25fcddfdb5
0	    1	    5	    1	002aff9d009f005f02540392002b00dc0140019201e9fe1c022c008801c90296012601b9fe39022e0247ff2100d100e401d2000d01bf012400860151ff8300a7fc6efe11fea3fd7dfcc8fb70fe95fc1afc90fb0cfc8dfddafc50fb62fa47fa80fcaefbc1fffbfcfcfd35fe71fd01fc50fba6fea5fca1fc5afd1afd01fdc5fea7
0	    1	    5	    1	002aff5bfff6ffb601ed0383000b000700cb00d7011bfd5e014400500143023b00e70103fdae01480237feeb0097008d01d1ff8c01aa00bb005200eefea7ffbffc6efdcffdfafcd4fc61fb61fe75fb45fc1bfa51fbbffd1cfb68fb2af9c1fa25fc6ffb0bff70fc16fd25fe3bfcc7fbf9fba5fe24fc8cfbf1fce6fc9efce9fdbf
0	    1	    5	    1	ffb7fe8bfefaff0d00fb0359ff8dfff000000075010afc8e005e000a0066014600140103fd2a005301e5fe65ffef00430169febc010c0095ffa700cdfe64ffbffbfbfcfffcfefc2bfb6ffb37fdf7fb2efb50f9effbaefc4cfa82fae4f8e4f930fb9cfb0bfeecfb21fcd3fdb5fc1ffbaffb3dfd54fbeefbcbfc3bfc7dfca6fdbf
0	    1	    5	    1	ffecfefeffca000901a4044bffb7006e00170140016cfc9f012e00f000ac0223010901d6fd2a00d702dafeb7007500eb01b3ff2401dc0133ffcd0178fe850002fc30fd72fdcefd27fc18fc29fe21fbacfb67fabafc10fc5dfb52fbcaf92afa0dfc91fbdefeecfba5fdc8fe07fca5fc57fb87fdbcfcbefc69fc61fd28fcc7fe02
0	    1	    5	    1	ffecfec9ff57ff3900a803a2fec50044ff99012900a1fc3d011d0020ffc601dd002c00e1fc5700d70256fdc200230065010bfeda01740063ff2f0152fddaffe1fc30fd3dfd5bfc57fb1cfb80fd2ffb82fae9faa3fb45fbfbfb41fafaf844f9c7fbb4fae9fe19fba5fd44fd12fc53fbd1fadffd72fc56fb99fbc3fd02fc1cfde1
0	    1	    5	    1	ffcefdfeff4bfea80070030bfe020039fece0048fff7fc3000bbff53ff8800f3ff8c0098fc3200050246fcddff9eff6a00eefe4e00deffabff1500a6fd16ffe1fc4efe08fd67fce8fb54fc17fdf2fb8dfbb4fb84fbeffc08fba3fbc7f882fab1fc54fb32fe3efc77fd54fdf7fcd8fcccfafcfdfefcecfc51fbddfdaefce0fde1
0	    1	    5	    1	ffc0fde0fe80fe9cffdf02d3fd6bff76fec3ff7dff16fb8600aefef1febb00b5fea2fff8fbe9ffe00174fccdfeb9fee5fff3fe310052ff15fe5d008cfc6aff1dfc5cfe26fe32fcf4fbe5fc4ffe89fc50fbbffc4ffcd0fcb2fbb0fc29f94ffaeffd3efbd2fe87fc9cfe26fe07fdbdfd51fbf7fe1bfd78fce7fc95fdc8fd8cfea5
0	    1	    5	    1	ffc0fdd2fe62fdd1ffd30242fd33fedffe00ff72fe4bfaa50004fee4fe59ffe8fe64ff0efb49ff97014ffbfbfea9fe00ff6efd360035fe89fdc7ffd4fc50fe71fc5cfe34fe50fdbffbf1fce0fec1fce7fc82fc5afd9bfd93fc5afc36f9b1fbbcfd7cfcbcff27fce5fe4bfed9fdcdfe36fc7cff16fd95fd73fd2bfe80fda6ff51
0	    1	    5	    1	0051fe28fecafeb000430304fdf0ff91fe94ffa5fe84fb9a00e8ff27fe7f007efe84ffc2fbf300020245fc5afef2fee9ff9afe320106ff77fde0fff5fc5ffe71fcedfe8afeb8fe9efc61fda2ff7efd99fd16fc8dfdd4fe88fd3efc79f9d7fc52fd9cfd70ffd1fd50ff41ff38fe16ff1ffca80012fe66fe61fd44fea1fdb5ff51
0	    1	    5	    1	0098feb9ff20ff1801220374feb2004eff460039feb7fbd301dd000bfec200a4ff1affe2fca700ac02b0fd50ff51ff320083fe5e02020048fece000efc80fe80fd34ff1bff0eff06fd40fe120040fe56fdc8fd21fe07fec1fe33fd5dfa1afc78fe32fd900085fdfaffac002efe75ff68fd91003eff62ff32fe32febafdd6ff60
0	    1	    5	    1	0098fe72fe8ffec200ba0295fe42ff8cfe89ff87fe23fba001a4ff16fdde0061fef4ff4cfc87fff80206fce5fe5bfed3003afd7501d6ff4cfdfdff20fc67fe5ffd34ff62ff9fff5cfda8fef100b0ff18fe85fdd3fe9bfef4fe6cfe52fafefcbbfe58fe2600a5feae00560099ff6bffc7fdda0127ff8e002eff03ffa8fdefff81
1	    1	    5	    1	0098fe72fe8ffec200ba0295fe42ff8cfe89ff87fe23fba001a4ff16fdde0061fef4ff4cfc87fff80206fce5fe5bfed3003afd7501d6ff4cfdfdff20fc67fe5ffd34ff62ff9fff5cfda8fef100b0ff18fe85fdd3fe9bfef4fe6cfe52fafefcbbfe58fe2600a5feae00560099ff6bffc7fdda0127ff8e002eff03ffa8fdefff81
0	    1	    5	    1	ff8cffc8fe11fdc2fece023bfd94fec6ff2f015b033bfef80072ff76005e025dff7c0088fd39fe560042ffe100430031ff5600d5fe7400ee018d041afea3ffedfe8afd1afe13fe0c0174fe63febefb32fdfffc23fc77fc6eff5200a8003afdc3fe52facefd97fe28fe82feed0045fccdfeb2fe03fe3efef6ff8dfde2fc87fbcb
1	    1	    5	    1	ff8cffc8fe11fdc2fece023bfd94fec6ff2f015b033bfef80072ff76005e025dff7c0088fd39fe560042ffe100430031ff5600d5fe7400ee018d041afea3ffedfe8afd1afe13fe0c0174fe63febefb32fdfffc23fc77fc6eff5200a8003afdc3fe52facefd97fe28fe82feed0045fccdfeb2fe03fe3efef6ff8dfde2fc87fbcb
0	    1	    5	    1	019c0228041b0252037a02d5039c04a604fb04ad068d0634031e031608e2043505d005ce039103480324021d0497031b06b402cf02720268052103e603a706b10178ffd0ffe3019e00680153015a011e0003ffe5fe57fffc00160156fd58ff5ffec4fe72002fff0a03a6ff5dff55ff310120fe45011e01c0fe31003efec3fe83
1	    1	    5	    1	019c0228041b0252037a02d5039c04a604fb04ad068d0634031e031608e2043505d005ce039103480324021d0497031b06b402cf02720268052103e603a706b10178ffd0ffe3019e00680153015a011e0003ffe5fe57fffc00160156fd58ff5ffec4fe72002fff0a03a6ff5dff55ff310120fe45011e01c0fe31003efec3fe83
0	    1	    5	    1	00d6012a03a701ba01280145011e0348015f02a10337030203320380041c01bf0342049c0275ff6c00ecffe503f3010900f4023f0132014a01ad02420337028f01d40004008901280050feedff4e008c007f0255ff31011401f4fff2ffec021bff9effd6009b00560140ff0d00effe47ff0400a5009affb4fcf7ff60fee7ff29
1	    1	    5	    1	00d6012a03a701ba01280145011e0348015f02a10337030203320380041c01bf0342049c0275ff6c00ecffe503f3010900f4023f0132014a01ad02420337028f01d40004008901280050feedff4e008c007f0255ff31011401f4fff2ffec021bff9effd6009b00560140ff0d00effe47ff0400a5009affb4fcf7ff60fee7ff29
0	    1	    5	    1	01fe04260357057a03ba05e50460035e04d504eb0609035a02c601cc021c060303ac062c035704c404ec036d000904ad028a037903e604ea0171048c03fd02cbffd0fc5cfd23fd4efe3cff11faa8fe8cf9c1ff75fbc9fca0fbdcfc26fc82fe41fc14fea6fb5dfd6200eefb2ffe1dfd01ff0efc75ff26fceafc07fb1afb7dffd3
1	    1	    5	    1	01fe04260357057a03ba05e50460035e04d504eb0609035a02c601cc021c060303ac062c035704c404ec036d000904ad028a037903e604ea0171048c03fd02cbffd0fc5cfd23fd4efe3cff11faa8fe8cf9c1ff75fbc9fca0fbdcfc26fc82fe41fc14fea6fb5dfd6200eefb2ffe1dfd01ff0efc75ff26fceafc07fb1afb7dffd3
0	    1	    5	    1	fd4cfc92fbc5fdf2fd90f9b7fcc8f9a2fc79fa3ff939fd8cfc04fc08fbacfaf7fbc0fa5afffbfac2fa6affd9fb5dfa3ffc94fd31fc20fb00fd17facefbd3fd1301020128015d049e04a4058d02a802f40263069b068f0332032e058805ea065303e406180195031804c003b10417069d02f804bf039a07240249041a029b0327
1	    1	    5	    1	fd4cfc92fbc5fdf2fd90f9b7fcc8f9a2fc79fa3ff939fd8cfc04fc08fbacfaf7fbc0fa5afffbfac2fa6affd9fb5dfa3ffc94fd31fc20fb00fd17facefbd3fd1301020128015d049e04a4058d02a802f40263069b068f0332032e058805ea065303e406180195031804c003b10417069d02f804bf039a07240249041a029b0327
0	    1	    5	    1	ff12fe36015100a2011e01dd008600d6fe0d0149042100aefde4015a00f4ffc1013802b0ffb5ffe002b0fef9006901b30076ffa3ff3002480135026e01cb03430132ffe40191fffa0106027ffe8603f4ffd102cf0123007401d6fe3600a800d9ff52030cfe8304180354ffed00bd001501f2003902c802ca0227003cfdd900b9
1	    1	    5	    1	ff12fe36015100a2011e01dd008600d6fe0d0149042100aefde4015a00f4ffc1013802b0ffb5ffe002b0fef9006901b30076ffa3ff3002480135026e01cb03430132ffe40191fffa0106027ffe8603f4ffd102cf0123007401d6fe3600a800d9ff52030cfe8304180354ffed00bd001501f2003902c802ca0227003cfdd900b9
0	    1	    5	    1	ff3401ba0297ff120110016701ae0018026301b902bbffd6ffb80042027c0163023200e6003b0082007e005d03a3fe47022400990012ff3c026501ac02370199ff420008fe8700a4fe42ffdb020efff0ff31fbaf00730296ff560116fe64ffbbffbc00140227fc8a006e024b001f01dd01fe0075ff10024afff5fef00085fe3b
1	    1	    5	    1	ff3401ba0297ff120110016701ae0018026301b902bbffd6ffb80042027c0163023200e6003b0082007e005d03a3fe47022400990012ff3c026501ac02370199ff420008fe8700a4fe42ffdb020efff0ff31fbaf00730296ff560116fe64ffbbffbc00140227fc8a006e024b001f01dd01fe0075ff10024afff5fef00085fe3b
0	    1	    5	    1	00a2002c001900c2005000e90056ffc600870137ff33fddeff900252ffc001ad0052ff1afddf02600196ff5f00570167fdca0185fefa005cfdb300b4ffb1fdc90156019200f301de03c6016fff32ffde015b03f7ffaffe4c04c8ffbe001a02a70010feaefecb0520005a010900c9008bfebc007f03f2017a00130032ffa5fef1
1	    1	    5	    1	00a2002c001900c2005000e90056ffc600870137ff33fddeff900252ffc001ad0052ff1afddf02600196ff5f00570167fdca0185fefa005cfdb300b4ffb1fdc90156019200f301de03c6016fff32ffde015b03f7ffaffe4c04c8ffbe001a02a70010feaefecb0520005a010900c9008bfebc007f03f2017a00130032ffa5fef1
0	    1	    5	    1	006e00d801150050fe42ffbbff1803d2009f031d014f032600a4004a0080fef10010026c00c3ff8c000801d50079ff2901900047ff6000ba037d026c019d03990080ff4afd49fd8cff2efcedff96fe1e01490079ff1bfd680266ff84fea0fec9ff62fbd6fe9bffb2fb9e00f9ff53ff81fc50ff8dfe86fd9affcbff8e00c9fdd1
1	    1	    5	    1	006e00d801150050fe42ffbbff1803d2009f031d014f032600a4004a0080fef10010026c00c3ff8c000801d50079ff2901900047ff6000ba037d026c019d03990080ff4afd49fd8cff2efcedff96fe1e01490079ff1bfd680266ff84fea0fec9ff62fbd6fe9bffb2fb9e00f9ff53ff81fc50ff8dfe86fd9affcbff8e00c9fdd1
0	    1	    5	    1	fe08ff70ff49fe2afe26ff3dfec6fe30fc83fd19fe35fc7cfc46fc5cfc7efcf5fed4ffd0fe6dfe40ff78fe15fdb1ff1bfe1cfd65fff6fe2afd23fcfcfeebfe23013a011c01b904800354021302e2017402c5009f019103c4022aff6001ba02110246029a02f5024803ca0345fe73043500b80407017401d001070096009501e3
1	    1	    5	    1	fe08ff70ff49fe2afe26ff3dfec6fe30fc83fd19fe35fc7cfc46fc5cfc7efcf5fed4ffd0fe6dfe40ff78fe15fdb1ff1bfe1cfd65fff6fe2afd23fcfcfeebfe23013a011c01b904800354021302e2017402c5009f019103c4022aff6001ba02110246029a02f5024803ca0345fe73043500b80407017401d001070096009501e3
0	    1	    5	    1	014802b001e500ca01d8ffc503be03ec0277032f03d103fc00bc016000d2000d01b202ca05b5fedc015c02fb00b3007b01e601c1011602860299001c046d01b7043801880395021401cc022d01f4047e0341031d007d03cc008602c6024e026900340114012d00f60338ffa303ab00e701a602d90066017002d7016c02f50077
1	    1	    5	    1	014802b001e500ca01d8ffc503be03ec0277032f03d103fc00bc016000d2000d01b202ca05b5fedc015c02fb00b3007b01e601c1011602860299001c046d01b7043801880395021401cc022d01f4047e0341031d007d03cc008602c6024e026900340114012d00f60338ffa303ab00e701a602d90066017002d7016c02f50077
0	    1	    5	    1	0004049604830382051402a5059403c406bb03d9046f04d2023803c4061402bd0512038206b301940278054902a1025d05a804bd02ac0350065303b603e903d9fdc2fc4afafdfbbafa5afabff9bcf9def9f9fa0bf97bfcb4fb74f8d6f944fc6dfafafae8fbcbfa9efc1efd99faddfb03fae6fdf7fa5af91efbc1fb40f9c5fcfd
1	    1	    5	    1	0004049604830382051402a5059403c406bb03d9046f04d2023803c4061402bd0512038206b301940278054902a1025d05a804bd02ac0350065303b603e903d9fdc2fc4afafdfbbafa5afabff9bcf9def9f9fa0bf97bfcb4fb74f8d6f944fc6dfafafae8fbcbfa9efc1efd99faddfb03fae6fdf7fa5af91efbc1fb40f9c5fcfd
0	    1	    5	    1	fdbefdaafde7fda4fe7afe0bfb4eff4afddffdd7fe7dfc68ff06fddcfcf8fd8dfa92fd5afea1ff90fba8fe0bfe13fcfbfc5eff71fc98fe94ff4dff06fe21fe6f021a02c2035b02d8027402d3027e025e0145012700a703e8000002b8035c01a702c202f00193fff0040801df019502eb020202e9014e02c0033f0142022bffef
1	    1	    5	    1	fdbefdaafde7fda4fe7afe0bfb4eff4afddffdd7fe7dfc68ff06fddcfcf8fd8dfa92fd5afea1ff90fba8fe0bfe13fcfbfc5eff71fc98fe94ff4dff06fe21fe6f021a02c2035b02d8027402d3027e025e0145012700a703e8000002b8035c01a702c202f00193fff0040801df019502eb020202e9014e02c0033f0142022bffef
0	    1	    5	    1	fffc00bafeab020001b2020b00c0004effbd012ffe8ffd94fe6c03b4fe9c0073fe84003400ed001c01cc02bd00b700bfff5e0185014e03b6fe91fec0fe79fc17021c03fa039102ba0496040908760300078f047303b1036e03a8044004fe0293064202ec03ef02be04f60525035703d5046a0429048203f80507036603790185
1	    1	    5	    1	fffc00bafeab020001b2020b00c0004effbd012ffe8ffd94fe6c03b4fe9c0073fe84003400ed001c01cc02bd00b700bfff5e0185014e03b6fe91fec0fe79fc17021c03fa039102ba0496040908760300078f047303b1036e03a8044004fe0293064202ec03ef02be04f60525035703d5046a0429048203f80507036603790185
0	    1	    5	    1	021e010404af01b4051400d1025802fa01cf040100b7ffee012002e60402fea30426019a010504c201540065017701af00f2ff5903ba00da041b007a02fd021b008602d402e30560014e01ff0226ffe40359ff7500630416044c01900052046b01f0ffae029d0130017801b501d7030500ac0441013e0086ffdf031e018501ad
1	    1	    5	    1	021e010404af01b4051400d1025802fa01cf040100b7ffee012002e60402fea30426019a010504c201540065017701af00f2ff5903ba00da041b007a02fd021b008602d402e30560014e01ff0226ffe40359ff7500630416044c01900052046b01f0ffae029d0130017801b501d7030500ac0441013e0086ffdf031e018501ad
0	    1	    5	    1	0000000000000000000000000000000000000000000000000000000000000000000000000000000000000000000000000000000000000000000000000000000000000000000000000000000000000000000000000000000000000000000000000000000000000000000000000000000000000000000000000000000000000000
