    x	    x	    x	xxxxxxxxxxxxxxxxxxxxxxxxxxxxxxxxxxxxxxxxxxxxxxxxxxxxxxxxxxxxxxxxxxxxxxxxxxxxxxxxxxxxxxxxxxxxxxxxxxxxxxxxxxxxxxxxxxxxxxxxxxxxxxxxxxxxxxxxxxxxxxxxxxxxxxxxxxxxxxxxxxxxxxxxxxxxxxxxxxxxxxxxxxxxxxxxxxxxxxxxxxxxxxxxxxxxxxxxxxxxxxxxxxxxxxxxxxxxxxxxxxxxxxxxxxxxxxxxxxxxxxxxxxxxxxxxxxxxxxxxxxxxxxxxxxxxxxxxxxxxxxxxxxxxxxxxxxxxxxxxxxxxxxxxxxxxxxxxxxxxxxxxxxxxxxxxxxxxxxxxxxxxxxxxxxxxxxxxxxxxxxxx
    0	    0	    0	000000000000000000000000000000000000000000000000000000000000000000000000000000000000000000000000000000000000000000000000000000000000000000000000000000000000000000000000000000000000000000000000000000000000000000000000000000000000000000000000000000000000000000000000000000000000000000000000000000000000000000000000000000000000000000000000000000000000000000000000000000000000000000000000
    1	    1	    1	000000000000000000000000000000000000000000000000000000000000000000000000000000000000000000000000000000000000000000000000000000000000000000000000000000000000000000000000000000000000000000000000000000000000000000000000000000000000000000000000000000000000000000000000000000000000000000000000000000000000000000000000000000000000000000000000000000000000000000000000000000000000000000000000
    1	    1	    1	fffe40ffff610014c8fffd870004ddfff54300025400025c000660fff5d1000af7000d490007e4fff468000522fff815000425fff908fffc180005f5001478000af0001388fff3c3fffe15fff825ffffdd000834001162000158000005000aa0fff23200081d00122afffd73ffff7bfffcd5fff586000c8cfff77e0001f90004bd00068dfffbdeffeae0000116000829fff349fffc440003300009a100074000007e000b7c000b7b000347000a0b000f1d0007320002b8fff868fffd67ffff52
    1	    1	    1	ffe57400044dfffbbefff74900033ffffc67ffefd8ffec64fff5f8fff9e7ffef27fff18dfffff6ffe852ffed9afff2d9ffff6d000356fff898fffabbfff91afff92efff530fff849fff585fff417fff217ffffe6fffbfcfffce0fff03700069e001a2a000f9d000a34000f1dfffad90006a70009a0000f82000e36001181ffff61000ae500048a00128efff1b4fffc83000c2700225a000730fff59f00047a000b86fffe800004fd0007170011fd001cc300077e0010220004c20015ed0003dc
    1	    1	    1	ffdf4cffec8fffef0affe73ffffe97ffecf7ffe904fff92afffa38ffedb5ffe6bdffff09fffd52ffedfefff64effff9ffff361fff36efff860ffed6dfff3cafff984fff1c4fff193fff603fff19bfffcfbffe578fff8a2ffe1bafffdc7fff59e0005b80006ed001bfe001145fffa85000a9d0011d4000c0effff58000b5dfffa15000733000f9a000a1c0009deffff85000b010011e600051a0000b9000c1000013e000b7600092f000ca700152b00054b000a7e000652000e320002a9000b90
    1	    1	    1	001d8a002c63000a24002f8f001dd1001b23001f5c002bf4003d5c002b0f00232900285d001078002c60001f6e002c27001b77001cb60024c40016b1002632000d820023de0024af000f1d002a9b000c290023ac001f2000174e001f25000eccfff4d80008affff3ecfffbf3fff49d000423000b5a0004a0000d82fffb8ffffba5ffedf1fff816000316fffbb6fff9adfff8b3fff19a0000a2fffe09fffd0c0006d60009360003f900063dfffcb5fffb6bfff62e000a44fffbcafffc2dfff126
    1	    1	    1	00015e0001c1fffcbefffd3d000833fffe3100042200057e000106000d09000bc70000930007ae000eb2fffb300009df000d0100098affff88000667ffff88fff84affffd400167ffff3d7ffff7500109d0006fe000280000daa000d23000a48ffe4e4ffe533ffffbaffe4afffea4fffea35ffec22ffed3afff86cfffc99ffecbbffe773ffe302ffe310fff47cffdd43ffe909fff80efff3c40003c3ffeb66ffe926ffec4afff7c9ffe2e5fff32bfff121ffe076ffed02ffef68ffe6bdffffbe
    1	    1	    1	001dbafffa310003a2001299fffa31000fc10005d8001320000ecafffd6b0005c3fffa4f001ae60001f20009600006e50006890013b0fffb640004cf000a00000aa000087c00127700230300088bfffc5f001476000a020013b60017f5000ba200111efff0fdffedb4fff255fffde3fff34dffebe8fffe8cfff24cfffb51ffecdffff509fffb94ffefd4000652fffb37fff959ffead2fff806fffbd1fffb5600129efff832000d73fffbb3000905fffc6dffee66fff2eeffeac40004f50005f0
    1	    1	    1	fffa46000a93000d10fff657fffb07fff469fff630fff66a00005800003ffff2030013f500137cffed72fffc3e000a69fff9eb0007d20008f6fff961fffe3600068efffca80000cbfff32bffefa7000213000ef4ffe6b4fff88e0011c5fff666ffee22ffff21fff9d2fffdb5fff419000a55000850fff32cfff1ecfffd23fff9e7ffed170006a2fff7e800061affe8affffa13fff8ce00042cffef2bfff4f8fff4baffeceefff1470005affffc3dffee93fff452ffff5c0006aaffe1edfff92a
    1	    1	    1	fff45effffc9ffe90efff98d0005dbfff97ffffa14fffda4fff990fffc97fff6a5fff6b700084efff86efffa22ffe9fbfffc2ffffc6cfff7b40007bdfff3d4ffe87afffc4cffff91fffb89fff03dffff25ffec62000dbe0009060004c30007cefff0f0ffe383ffefacfff2bffff145ffebefffdf82ffedf2ffee46ffeba7fff595ffdf35ffeb8effe47effe502fffc67ffebdbfff490ffdcdeffdda7fff172ffefe0ffe46efff1c7ffe52fffed59fff431ffe5d2ffd88affe81cffef4ffffdec
    1	    1	    1	ffe95effe4a1ffe0a4ffdfedffe481ffdffdffec06ffef1affecb0ffeea3ffe209ffde27ffd7d8ffde2cffd914ffe6b1ffd6d1ffcdbcffe04affe291ffe744ffd8daffdbaaffddd9ffda4dffdf41ffdea1ffe598ffec12ffd26effce670002fcffef04fff18bfff5a0fff8fdfffd13fff3f1fff254ffef3a000bb6000201fffea9000151fff382fff200ffedb2fff7d3000c63fff4ecfffe0efffc03ffed6afff196000004fff197ffef3dfffce10001290003a2fffb98fff0ba000691fffc9c
    1	    1	    1	fffee200054dfff076fff9b1ffeb6fffffffffef44fff9f2fff414ffea55fff995ffe06ffff872ffee64fff940fff5ed000c31ffef62ffe744fff0bbfff77e0005ccffef1400185bfff161ffff95fff433fff8440005de000a94fff53300020afff4e40007b1fff89effed91000169fffad1fff1cafff2560005260003cfffed7bfffea100080efff1fc0006ecfff677ffea27fff1f8fff3560009edfffb9efff776fff83efffd67fff767fff1a3ffef2b0008e40001ac000080000191fff60a
    1	    1	    1	ffd870ffdd7bffdfa8ffce21ffc941ffe4a3ffdf88ffd606ffd5f2ffdc65ffced3ffe207ffe4eaffd2c4ffc770ffdba5ffcb93ffdfccffdd86ffd203ffd666ffe65affd800ffe6f1ffd8b5ffd5e1ffd71fffd82effdd70ffe4c4ffcb050007d0fff72efff54ffff0d20001ed0007effff5c9000aa0fff6e0fff49cfff2c7ffe90bfff58900004cfff234ffff1c00099ffff589000762fffdd0fff5fd000bb8fff8e6fffadafffcbdfff82ffff9d3fffb4bfff7ee000946fffba20002c1fff7dc
    1	    1	    1	001130fff747fffa220002a900056ffffe5300076e0000f6ffffa2fff57dfff35ffff1bdfff74efffe0e0000ea000cf9fff5e30010fcfffa6cfff945fffad60003f4fffcd2fffa01fffde9fffc8d000a87ffed8efffaba000106fff8210003120016da001a230016f600193b0006d30017110010f800150a000c4e0019ad000359ffff0f000ea40019b2000606fffe01fff9590000f2000ba60005d1000c9000156a000154001fe500171900082100112b000702ffff940005cc00068700113a
    1	    1	    1	ffe4920006eb000206fffc03fffb09fff5b1ffeb66fffa58fff68c0009ebffff55fffbb1ffec58000118ffee80ffe5e3fff863000ccafffff6fff40b0001c0000fd200011cfff387000d57fffcfffff80900010affe96efff482fff9c7fff23a001944000f1500178c000919001d87001dd1000cfc0016d80011ce0019c5001bc7001f290004ae000ba60015220022e500103f000f0e0029d2001d2300169c0027700012c4001ed70016410019bb0024290011fc0019780012b00018af00049c
    1	    1	    1	000bb6000e01fffec4000719000581000e9f00014a001428000f780010d3fffe1b002019000082000296000c6c001e87fffecb000c940011b6000b3b001a0c00051efff8a8fffe0d000e05000b75001125001b400007a00016c40010a1ffffc4fff7a0fff10d001606001519000a6fffff8f000a620013ea0014b2000a970011c5000893001baa000a8000070e001ba9000d670006c40011f200055100020e000aaa001068fffd9f00035900129100166bfffd840010540008c800059d000274
    1	    1	    1	000cfa00091b0006dc000f8d00021d0006710003a00009ba00120e00053300125f00157d000b6a0014fc00060e000d05000c07000bcc000942000a8b0004a2000654000f40ffede30001ad0018d50012910002d6000c46001cc6fffd43ffff56ffff78000ce1fff992000d0900024ffffa630006c2fffd88000c50000c7900072500137300145c000582000728fff207fffdbffff634000f56ffedf7000678fff5b000069cfff5f1fffc77fff633fff159000528ffffa20004a60010af000b32
    1	    1	    1	000b84fff89300193efffd8ffffccbffefa500000efff32e0005f4000437000251000a750000c8000cf8fffa9600090100139d000b3400152afff6c7000dccfff3befffdb0000351000bb1fffb7100060b00027c000192fff65c000269000340000f58001a3b0002bc000c6300142700020100117800189a0014a8000c09000b49fffc03fffc6a00009cfffee600104b002199000a7e0004560010e3fffe7afff564fff350fffd01000505000445000ee90019300000800009660005d900176a
    1	    1	    1	000000000000000000000000000000000000000000000000000000000000000000000000000000000000000000000000000000000000000000000000000000000000000000000000000000000000000000000000000000000000000000000000000000000000000000000000000000000000000000000000000000000000000000000000000000000000000000000000000000000000000000000000000000000000000000000000000000000000000000000000000000000000000000000000
    1	    1	   33	000000000000000000000000000000000000000000000000000000000000000000000000000000000000000000000000000000000000000000000000000000000000000000000000000000000000000000000000000000000000000000000000000000000000000000000000000000000000000000000000000000000000000000000000000000000000000000000000000000000000000000000000000000000000000000000000000000000000000000000000000000000000000000000000
    1	    1	   33	000058fffc0dfff3b1fff923000bcafffa9bfff5c70003a9fffddcfffd81fffec0fffe58fffc8afffb1efffc3dfffd86fffcee000796fffa830005d7fffbb7000242ffe1f1fff61d0001fcfff826000303fff7600007e1fff8db00042dfffc98fffec4ffff0d000201fffae7ffffe8ffff0bfff6e7fff9810005e20008070009e2fff950ffff1cffee9a000509ffff3e000eda00028000038f000d1ffffeeffffa1cfffb310013bd000730fff924fff7230000f4000925fffcfb0008a7fff77c
    1	    1	   33	fffbc6ffdfa9fff963fffbedffeb56ffef4bfff1cf00048dffdfc8000427000114ffe8ea0007f0fffc48fff5e90002e800025affff18fffb95fffd5dfff9efffd7040003fbfffbcbffeeeefff66cffee19ffe792ffead7fff487fffc7d0009340008fa00163d000365fffbe1000bd60002d100114b001a4dfffe660005cb000646000f96fff766ffff4e001b85000d880019c800044a0013010013f7000de10013b8000cbbfff8710011ca0001100011affffd9a001109000973000bbf000be8
    1	    1	   33	fff9eeffdecdfff0bbfffcf1ffe52afffc310003cffff339fff0dcfff96dfff21affe864fff928ffe3c6fff887fff82cffff30ffe0d2fff3bffff423fffb47ffe482ffecdbffe891ffe9cafff76000000bfff0120000f7fff6fdfff56bfff8980007a40004c10013f900161300142600046d000855fffd83fffa360003cb000e52fffc38fff516ffff46fff48d0006c2000a0a000bcc000b33000a4700020d00018200098f0003f7000b70000d00ffff99fffe6e0005cd000e85000db5000a3e
    1	    1	   33	002a88002d2100235900211d001b9600281f002f4d0034df002ad0001fb7002b100021d4002a6c001a6c001d9d00261000313a002d6c001fcb0024650033ef002dd0002c6500235700290e002376001877001dbe001ced001715000ef50014900004d8000927fff331ffff65fff066fffe53fffb47fff2bb0005eeffffcffff8d0ffea40fffc94fff9e4fffd41fff606fff470fff66800005dfff0d5ffff810003ac000421fffcc3fffbb6fff9c8ffef63fff9f2001257fff4cf000235fff472
    1	    1	   33	00144afffa93fffc0d001b1bfff9400001490007fbfff8d30009cc00122b0001c80001d6fffe9e00031c001377fff89a000120001160fff067000a090008edffeb38fffd4b00186b000b54ffff74ffff4f000c98fffba70009b1001fdffffc38ffeb44ffdfcdffedf5ffef6bfff432fff6e5ffe949ffeab3fff2fafff093fff786fff080ffebecffefc6fff15dffe9ceffe90affef20ffedd5ffe6b3fff40bfff042ffeb81fffe81fff4e2ffeefafffaefffe74affedc9ffeda5ffe7e5ffe91e
    1	    1	   33	00068800051900134900084b000ad6000a390006c50010ef0014ba001d2d000fde001f16fffcfe0015a80008b7000cce0017600002e000158100062dfffdbb0015160006cd00089bfffe20001c8c00032b0013f6fffecbffeb6ffff9a7000ea0000c76fffc0bfff271000ab7ffe9a60001270000f1fffbe3fff7c2fff5fbffff5afffbfafff8a6fffecefff3adfff798fff1b0ffff5200012ffff8a7ffdf7dffe830fff32d00042ffff720ffeb74fffceb0003c8000d91fff6a50005effffc7e
    1	    1	   33	0015f4fff023000087fffa170009e0fff8a7fff1adfffd050000260005d100002afff3d8fff56efff988000791fff1820008b4fff986fff64bfffbedfffcebfffbde0000e7fff33300009cfffc86fff5b1ffffb4fff7df001195000e6300070afff9ae00058dfffb03fffaadfff162000669fffdd7000773fffc92fff83fffea04ffff820003cafffea6ffeddd0006faffff76ffec44ffff7ffffbcdfff069ffe85affff4dfff3c3000c6c0004befff623000322fff59b000059fff657fff406
    1	    1	   33	000be200011b000d4fffecadfffbac000025ffff3bfff979fffc46fffae10004b2fff956fff6ac000738ffeca90002defff6a8fffd08fffd27fff8e7fff5270006ecffef8fffef2ffff83cfff726fff599fffaa20009c1fff891fffc090008a8ffee94ffe581ffe8b9ffd4edffe51cffe5f3fff0b3ffe8b1ffd9e6ffdb69ffe8fafff742ffea98ffd576ffe4dbffeb4affe9b2ffee30fff64dffef6fffdd83fff0feffeb3dffeb03fff922ffecf4fff07fffe992ffcfdbffe693ffee17ffe83e
    1	    1	   33	ffec0affe1fbffd88dffd735ffdf02ffe729ffe685ffe439ffd98cffe19dfff740ffd054ffd7baffe1e8ffdf87ffe010ffdf60ffdb22ffd801ffef39ffdeedffde1cffe25fffe939ffde50ffe026ffdd5bffc3fcffce47ffd71dffcf5bffe4fafffb6afff1eb00025ffff9f5ffeed6fff205fff6a9fffaa70013c20000c7fffc9efff366fff6b0fff470fff113fffd0efff46a000168000349ffff05fff005fff928fff66dfff6f1fff572000696fffb5ffff474fff5affffa09fff68bffea50
    1	    1	   33	ffed86ffef5ffffac9000319ffed9e000607fff4130000b5fff42c000c87fff038ffef02ffec4e0008c0fff5b9ffefd6fff884fff2e00012ef000063ffed33fffd68000d85fffec5fff4de000080fff845fffb42fff2b7fff44d000be5ffee3a00009efffaf10006e3fffb8bfff890ffffcdffeba90009f1000a14fff8edfff1f6fffce6fff482fff3cafff623fffdcefffeeefff040fff02dffffdbfff0e7ffed04fffbf70002b9ffec04fffbb4fffb71fff3f8fffb37fff935fff7d1ffffde
    1	    1	   33	ffd1b0ffe803ffd877ffddedffd9a0ffd33dffd859ffd119ffd5d2ffd2c5ffe106ffca0affe090ffc9f2ffcdc7ffc882ffd2c2ffc612ffe257ffd66dffe059ffd88cffd48fffc79fffcfa0ffd562ffe131ffe5aeffdf75ffdf63ffd3d7ffdc1efff8c80004f9ffe64500071dfff39e000795fffd6bfffb73ffeb620005bbfff506fff2d0fffb9cffe7f0ffff73fff88000014effe498ffe76bffe269fffce5fff52efff641ffff85fffe1effefe0fff40b000178fff8bf000887ffeadb000262
    1	    1	   33	ffef0a00133500003fffeffd0004a4000bed00017f000d57fffea00004c1fff73e0002780009f0fff626000281fff188000c9efffd9efffdaf00085dfffc85001698000327fffa9d000b32fff3b6ffed7f0001d80000f7ffff2f000d4b0008ce001164000f41000643001507000c4afffaf70004cf000bd10019c4ffffeb001a64fff20e001e8e0005de000ea70000fc00147c00163cfff4970007d1001453000d0600176f000a7f001efa000e8c0004df00045c00253f0015d1001057001736
    1	    1	   33	00047cfffc390002b5fff27d0002dafff72fffed070004e3fff240fff44500016efffd40fff284000326fffcc5000ea600010afff6b4fff469fff4e10000030000ec000c91fff1c7fff2d6fffecefffa55001538fff981fff55500010dfffc86000e320005a1000bc300187f0010ca00089d0022070016bd001b06000cb900174a000e7000128e001eb2002b110006a200147e001596001f05000ed300105b0010780019f9001c1500190800247c00161f001db20012dd001647001659001dd4
    1	    1	   33	0008ea000783fff7e5000e13ffff000017bf0008cb000d01fff682ffff6f0017a2000f3e00029cfff8560005cb001a8efffbea001558fffebd000e59001595000c46000ae1000f79ffffdc00087200126b000932fffebf000a81000ce500024c000668000de3000a8b000d6b000d6200173500129ffffafffffd1a000f53000c9c000fe4fffe120008c6000eb300039000121200067e000aff00111d00034f000afe000cc1000bed000f9cfffcfe000b6f0003d6000d5d000ce9001259fffd0c
    1	    1	   33	00126c0005b1001751000f190007a200011b0006b3001b750013ae000ec9000ab60000befffb24fffe6c000905000b12000d4c0002d60009dd000adf000c050010e800088f0010d9000116000c56000217000500000227001987000c3f0017d0000bf4000cf5fffaadfffd35000b6a00075dfffe5f000493000cd4001e690008e4000f08000336fff6e40004ed0010f4fffd48ffff90fffbf1fffb57001157000f5afff8cd000bfffffb0200004c00010ffffbf0000989ffff9f0006f500021c
    1	    1	   33	fffeb20011db00090500052f000ce40001a70009f50006bd0004d00008b30001080011de0000c4001d2a00128d001c9e000bbc0001b600052100190bfffe3dfffdb40019abffff67000fd80002d20003ab0002640014bd00011f000b9900049400088a0014bb00050700076f0014ec000f4b000a8f000e950007f6000aff000afe0012f6fffe86000e86fff9fd0008c40000180009e2000dfffffd2b001243001308fff2550016a500143600160a0005b1ffff66fff2010012d1000319000b84
    1	    1	   33	000000000000000000000000000000000000000000000000000000000000000000000000000000000000000000000000000000000000000000000000000000000000000000000000000000000000000000000000000000000000000000000000000000000000000000000000000000000000000000000000000000000000000000000000000000000000000000000000000000000000000000000000000000000000000000000000000000000000000000000000000000000000000000000000
    1	    1	   65	000000000000000000000000000000000000000000000000000000000000000000000000000000000000000000000000000000000000000000000000000000000000000000000000000000000000000000000000000000000000000000000000000000000000000000000000000000000000000000000000000000000000000000000000000000000000000000000000000000000000000000000000000000000000000000000000000000000000000000000000000000000000000000000000
    1	    1	   65	000dc0fffc93ffffd6fffbd50009c0000c26fffad3ffe6de00060cfff72300090ffffb8a00011600085dfff6260005240005db0004e5fffc15fffd3cfff887fff36000001dfffc69ffffdf000058000951001cc0ffedbb0008a2000920fff91a0002ba000949fff8bc00086f000e6e0000d4fffd6bfff402fffb94001499ffea8ffffcb6fffe98fff09b0000de000434ffe79b000601000ec9fffa04fff7b5000692fff4650008b9000b99000862000163fff958fff7c3000956fff32600085a
    1	    1	   65	ffee74fffd37fff9a4ffeccbffeca4ffebe4ffe3950000fcfff7faffee45fff233fff434ffee52ffe823fffa38fffd96fff645fff5f7fff4b1ffeea8ffe4b1fffe26000323ffeb5bfffe3bfff210fff8affff09cffe42bfff804ffee86ffeab2000de20008ef00059c000901000c200011f000195300050a000d80000ce9001647000706001414000573000bda0014ca000de7000acb000bf9001092001f6f001a5efffeb3000861fffe89ffffd8001721fffe72fffff7000f340016200012a0
    1	    1	   65	0006b0fff075ffee4efff367fff702ffe918fff165fff28cfff4c4fff24dfff31b0001180006caffee57fff29cfff8da0006d7fff09ffff25ffff2b0fff5fbfff1fcffe699fff20ffff37bfff624000c79fff332ffe9cb0001aafff2ceffe5860000ae000785000b8e000613fff12400006e0014430010480008d8fff85ffffa75fffd78000858000b0f000988000342001ded000895000509fff7b200118f0019fc00129b000615001119000eec0001b9000444000659fffb1c0001f0fffe6e
    1	    1	   65	00236a000cb90023cc00260d00202400234a0020e3000eb2002264002dd10031d3001cd4002168001821002784000ea800101f001a67002bb70018d600275b00134c0022af0034670020e10022a60018bd0011cc002451001b64002ddc0029b8ffffb40005bd0010c2fff5cbfff790000998000763ffffcc000336ffebf10000b5fffd1cfffddc0004ed000ac6000aa2fff9ffffff0bfffc4d000374000ddd000bf2fffe0f000675fffbcdfffb10fffe5b0008a6fff82bfffec80002ccfff230
    1	    1	   65	0004760010e3fffcecfff99ffffb8e00016a000599000bd600038efffe73ffec4f000588000c640006a50001ca001018fffb75fff4ad000edd00188c0007ddfff19c0000e100066d000541000d2e0008270003f4fffd43fffdc8ffff06000cd6ffeacaffe3edfff246fff579ffe5b4ffeaa8ffdad5fff98afff976fff31dfff7dffffe00fffe28fff44bffef72ffea7affe0a5fff8afffec35ffe6a0ffeb2bfff7680007bfffe3fbffef2ffff0ecffe3ddffe7dafff2adffe118fff570fff35c
    1	    1	   65	0012ea000a73000ce00017a500057600156e00021b000ed6001604fffecf001985000d9a001cc8fffefb0009b20014d60001550008f7000feb001a960002f300184e0015f90010ab000c0b000858000e1b001240fffa0d000bd0ffff2e00025400081cfff55ffffde4fffe85ffe786ffee62fff72d000576fffd4efffcd5ffed21ffee520005be00087f000582fffefaffe823fffb95fff895fff5380003adffef98000153ffeac3fffef100081cfffddffffae2fff6cb0007a0ffef4efffce0
    1	    1	   65	fffc3afffb5bffff4a000273000384001302000b75ffef26000250fffe31fff863ffff6e000cb8fffd7d0002060004cefffca9fff765ffedfdffea26fffd4bfffeaeffef37ffeca7fffe1f000036ffff89fff90efff63dffe546ffe85c0002f6ffef32fff741fff9eafffc65fff156fffc08fffec5ffe8a2fffbe20001affff689000432fffcc8fff7f3fff9c0fffe44fff4bf0004e5ffedfd000506fff659fffe5effebd9fff6e7000335000d08ffede9000380fff82dfff59effe9a8fff360
    1	    1	   65	fff72000002d000cccfffcfb00011c0004fc000ccffff4ee000a3e0004e3fffa5b0006a0fff668000c8d000e74ffefa20001d5fff7c1fffbb3000016fffb19fff1d8fff9eb000d1d0006e900040e00046b0010d6fff091fff330fff5940003f6ffe6caffec45fff06cfff963fff9a0fff5e2fff395ffedaaffe202fff4f7ffe9dbfff3f2ffee84ffe9b3ffe49effeabaffda6fffea63fff6adffe45efff75dffe7b2fff153ffe511fff065ffecccfff4a3ffdfd4ffe481fffb24fff168ffef48
    1	    1	   65	ffdcbeffef8dffe3beffdf5fffe8faffdb90ffdc15ffeb86ffd89cffdb35ffe8b3ffe01cffdc52ffce19ffe05cffdfcaffe453ffd0c7ffd97fffd8beffd6abffe108ffd6ddffec21ffd661ffe482ffe56bffe37affce43ffe058ffccb2ffeb7efff066fff6750003fe00041bffef26fffb0effff0ffff5f6fff342fffbc9fff2c50000b2000144fff161ffed9800005a00004ffff97bfff2c3fffb42ffe255fff75cfff597000205fff0ddfffae8fff27dfff2640001fffffa18ffef6c00060c
    1	    1	   65	000046fffab5fff0e6fffb67ffdcb8ffe142fffaa1fff8f4fff948000c45fff8830002fcfff18600058dffe57cffe82cfff0f9ffe4fbffeb270001b6fffe73fffb74fffa8dfffd45fff891fff842fff795000b0e0011b7fffe34ffea0afffd98fff7da000739ffffa6ffff2ffffb66000388ffe7cbffe39a0002c2ffead9fff2b900074cffdfbe00041ffffab2fff988fff205000059000047fff7f800050f00102a0005bf0004f5fff2affffd88fffb5ffffe52fff0b9ffed72fff86afffa08
    1	    1	   65	ffd4b4ffd323ffd720ffe1a3ffd13affd752ffdd3fffdd58ffd964ffcf91ffd2b3ffd582ffd36cffe255ffd6eeffddfeffd257ffe99dffda07ffca26ffe0e3ffda96ffe9bfffde2fffcf43ffc81cffda01ffdb80ffefadffe4e2ffd51cffdb7cffef58fff4a9ffe9b6fff0c1fff4ecfff590fffef7fffba80002feffecebffe4c1fff7fcffffe6000807fff428fffbeafffc55fffa9bfffc51000828fff56bfff474fff92bfff7ff000c67ffee60ffe4e7ffe3ecfff5db0002ccfff650000b2e
    1	    1	   65	000b82fff335fffb48fff66dfff964fffd16fff4b7fffa5efffa38000acf00003bfff660fff33c0003090011f8000620fff659000453fff0fb0001de0009f3fff8960005c3fffe21000655ffe9b0fff1fdfffa02fffea1000422000424fff7de0007e2001813000df6000a17001232000e0a0009dd00119c000bcc00112b0017ad0009cc00155000011d0013480001420009d1000109001b4700044800299100152e000fb3000ef9000fc1001b320013fb001fdc0002fb0006ea00116c00066a
    1	    1	   65	fff1a6fffd81ffeff2fff22ffff90600048c0004810005f2fffa84fffee9fffcd500008a00004c0003b5fff4ce000048000207fff683fffa5dffff38fffe190001ae000bd1ffeba90005dbfffdd0fff3cbfffcecffff9ffffb08000686000fca001b9c000e61001ea60010e1002a7e0007cc00253d00301e001d400023d300158f0007b00029420021b5000f08000b9400246700003900242d0012f00008d1000480000c5f000c97001d0f0013dc0016f300136a0013af0015420018f0001780
    1	    1	   65	000490ffff01001bd0fffd51000278000b3a000edf0006be00070afffb8f000ae10004c6000e960010a500039e0002c6001811000907fffe1b0007aefffcef00105e00152d00005fffff97000860fffdd50006b800024700002e00076a001308001bf6000f7700106c0014dd0009760007ca000fc10009fe000fa6001d050015df00139c0012800017e5001668fffc46fffb73000857000b2dfffee8fffadb0016e6001d2b000ce100046f0017befffd67001a72fffe47000c62000624000b44
    1	    1	   65	0001de000d5dfffcdc00072dfffd68fff980000aaf00140600087e0004e5000b250014b0000d04000867000f10fffc9c001565001267fffb7700126a0001cf00075400005b0012bf001581001b500012bf00001efff8450006f4000c0efffd4600085cffecb5ffff1c0012cf00054400022400092900096e0002660017350016f3000a34000e92fff8b700131efffcf2ffef63ffffd10008d50009fc000463fff9a40009d300032900066d000668fff287000dde0008d7000306000a6effff64
    1	    1	   65	fffa68000d1b0003180008dd000b02fffb36fffecd00025a0006720010eb00067f00050c0017c600040ffffc3c001aecfffd4d000dd10008e70011fafffc63000baa00051f000f7700012f00006600042300049afffec7fff5f2000e180002a8fffd8efffec30005fe000af900049a000b30000de500004c0016c2000c1d000563fffe78001a26fff743000a88000b740005d1000c8500083500196a000995fffb0a0009cb000d650009830004da00062d00045efffcc5fff5e80015bc002776
    1	    1	   65	000000000000000000000000000000000000000000000000000000000000000000000000000000000000000000000000000000000000000000000000000000000000000000000000000000000000000000000000000000000000000000000000000000000000000000000000000000000000000000000000000000000000000000000000000000000000000000000000000000000000000000000000000000000000000000000000000000000000000000000000000000000000000000000000
    1	    1	   97	000000000000000000000000000000000000000000000000000000000000000000000000000000000000000000000000000000000000000000000000000000000000000000000000000000000000000000000000000000000000000000000000000000000000000000000000000000000000000000000000000000000000000000000000000000000000000000000000000000000000000000000000000000000000000000000000000000000000000000000000000000000000000000000000
    1	    1	   97	0005660001ff000371fff47efffb8200066ffffa7a0000a20001effff9e2fff417fff9a9000e5cfffd3fffefa7fffdcefffd110001bc0006f30003c70001870004e600034100052afff8120001cefffb250013470004c2fff498ffefdfffee5c00139c00039300089b000b98ffe9bafff8230010f2fffe8a0000e1000948fff4b5000267fff6d0fff0250002db000ba60004c100147efff6010001ad000eef0001dafffa9dfffa4e00030e00117efff503fff5bd00068a0004b4fff68b00106c
    1	    1	   97	ffedb2ffee85fff557ffeb4c00031efff10dfff95affebe2fff6c3ffe476ffff7dfff87b00039cffe707fffbf3ffff92fff511fffb9effee41000595fff90ffff010ffeffffff23efff45a0002dafff38bfff3f5ffeda2fff3deffffe900041a000a92000635000817000a7e001296000d1d00001c000ad4000a29000f26fffb150004db000dfa000d05fff9790009cefffde90017180011c1000a49000443000a7afffc110000b0fffe7e0000800009710011db00095800025a000295000608
    1	    1	   97	fffbeafff463fffa9dffef0afff60affefc7fffd5afffa7cffdef1fffa38ffeb1500047dffeadeffed13fff599fffd6efff8bdffe938fff51d00000bfff353fffc26ffe6e9fff354ffe13000060efff14fffed41ffef14ffe07efff78bfff2e8000480fffded000dd900146efffa28000d4d000a84fffe22000c7b00001c000641000ac5fffde8000f15000041fff06e000fa500183afffd9ffff69d000797000c10000af5fffe7cffffa2000484fffccd0001dd000a82000b4800078b00078a
    1	    1	   97	002fdc0018bb00120d00291a002040001899001984002b6c001df9001e6c00113500297f0029d8002d930018cb001a94001e4d002ac2002359001b110006c30021cc00268500213c00251e002324002e81002231001572001c1a0009eb00282affffcc000211000d330000a2fff84afff8d9ffe860fffc98000ab3fff728fff9b1fff663000046fff9dffffad3fff63efffef9fffb7600024b0005370004f3fff618000b43ffed00000b92fffcf800076f0008ef00001e00090e00072dfff3de
    1	    1	   97	0009d400079d00044bffff2a00085efff30b0007820002ec000b49ffef94fff615fffe9ffffb30ffff6700174100071affed65000ab4000db30002bf0002df000e1c001c27fffb42000280000c2a000127000367ffff8e000946fff40d000d76ffe918fff903ffee29ffff4affde92fff211fff5cefff648fff291ffef16fff7bbfffacdffe6bafffa9fffe663ffe6f0fffea5ffee14ffe651ffef99fffb89fff6a2ffec3bfff4a8fff8e4ffe648fff06bffe5b3ffed78fff29cfff657ffde9a
    1	    1	   97	001136000d8d000a8300123e001092000743000e02000ddc000441000fc4000ea7fffd390009d40001a3ffffc9002116000025000576000131001c93001189000476001a63000df40000960007a6000e530006eb00052a000fb2000d15001508fff6dcfff5bbfff409fffcf4fffb280008ad000be2ffedc8000389fffa02fff9a7fff9c3000020fff9bb000917fff81afffc25fff27600001700088300048dfff33600087bfffe22fff9aa000b06fffb93fff823fff72e000f9800072ffff7c2
    1	    1	   97	00150c000331ffeb55ffe9dc000676000103fff926000992ffffe100063afffd75000017000dd0fff4fb000459ffee86ffef13fffc16fffd3ffffa43fffe6bfff178fff851fff936fffad200050afff509fffcc1ffffbefff97000020dfff3760000a2fff629fffdeb00021cfff3c2ffe27dffeee2fff29a0001b1fffcc8fffdd7fffc69fff33efff6b3fffd0f00005c0000d3ffed44fff05d00088dffece5fff95e0004cfffe94c00058200034afff6fdfffc2bfffb600015f2fffa410000ce
    1	    1	   97	ffff120007bdfff6c9fff4ce0009920005bd000b84ffffeafffccd0002580005630006a1fff526000ae50000e7ffef92fff695fffb7e0005fdfffe3fffffb5fffd8efff2fdfffb1a00047cfff532ffea5bfff7ddfff9300006fe00068dfffc74ffe7b0ffedf3ffec2fffe15afff3aafff0630000c4ffdf76ffdb65fff5e8ffe9e7ffefbfffd6f8fff1b7ffed8fffe230fff0d1ffe752ffef41fff0dbffe7c5ffe45affed43ffed20ffe028ffe1ccffe111ffd56dffe6e4ffe178ffd907ffe198
    1	    1	   97	ffcbf6ffeb81fff1cbffd3baffe842ffccadffe9dcffdedeffdc47ffe378ffd9ffffe5d7ffe84cffe51bffe8abffe1f6ffd609fff7f4ffdc01ffe1b5ffdfddffe3a8ffdf53ffe166ffe268ffe196ffc60dffdd9bffdc02ffda56ffde0bffe28affea76000aebfff8d1fff93800056cfff845fffd5afff5cafff695fffcb80005ab000745fff23affe11ffffdadfff9b0000331fff83cffe99b000479fff667fff690fff31d00084c000482fffca0fffc93fff50d000498ffe48cffec19fff208
    1	    1	   97	000662fffb9ffff35dfff300fff3c4000e4dfff6ca00038a0008c1fffe50fff487ffebafffed46fff3dbfff06bfffd72fff47f00060effe2d1ffee73fff625ffe9d200053bfff286ffef68ffe6f4fff75bfffeb30000c2fffe20fff7cd0002a2ffff98ffe891fff1cffff1d80010f6fff75ffffd9200007afff719000992fff42bfff56ffffbd0fffee3fff2f90006d0fffcf9fff63efff9abfffddb00018bfff87cfffcd3fff04efff666ffdf5efff24dfff543fff060ffedeeffec5ffff2dc
    1	    1	   97	ffd1c2ffd053ffd727ffc406ffdf8effc513ffd436ffe278ffca0fffe040ffd275ffc77bffedaaffd99fffd043ffe5e4ffe339ffd0e6ffd2e1ffda51ffe019ffdd4cffe889ffd31effdfe0ffcf98ffd0cdffd599ffdaaeffc6d4ffd17fffe5840003c00001f9fffbc5fff67e000c1affef7bfff840000dacfff4effff2a0fff9c1ffe457000158ffee41fff2cb000d1cfff54dfff666fff8a5fffcbd0004effff87efff99900010afffed4ffea460000e5000739fffd20fff7f80005a1fff2b4
    1	    1	   97	0009ccfffed1000963fffb2cfff2b2fff5ef0014b60009a0fffd3500013800075bfff8330009e4000aab001305fff3be00031100076c0003a7fff9d30005adfffc6a0002b5fff4f20017b8000cf6001031ffe08b0011ecfff87efffb9b000d46ffffd60005e70007c7fffe8a00109a00110100053c00200c00147d0007f40007e300040d00194cfffe5300187500075600114f000fa00017930010150009dd001528001e89000e1e00043e001750000897000bf30009520011ae0009c7000d7c
    1	    1	   97	0000f8fff677fff7a7fff900ffff440000cffff116fff4eeffed0dfff53e00006ffffdddfffbcc0009770000e1000e20fff445fff2d4fffe61fffd09fff463fff21600038100021a0005a0fffd7cfff63ffff979fff738ffe61afffbb5fffa580018f0001727001ea700169e0019c00026bb0015e4000b02002d810023d80018db001b71001fe200174f000e2b00151c00041f00234a00163b000cb70020cd000842001e9b001b6000225600138c000d21001927000b58000d3e0015c70014c4
    1	    1	   97	fffea6001105fffc170002820006d0000dc5000b14000dba000035fffe4e001df700052900032afffcfd0004bb00097c000b7300027afffadf00012dfffc6b0013520008030006f6fff67c0011680008fbfff88b00082afffade000cc7ffff88fffe68fff2f300051d001572000e7afff4330012c0001482000def001116fffddfffff13000c2c001181000ca7000ba4fffa6d001c70001947fff23b000ba70007040027f3000880fffa880003e8000c6d000c15000e9400091e0014f1000580
    1	    1	   97	000df0000761001b9b000a400008deffffd5001320000e28fffe5d00053a000739001a29001d96000a850003050007a8000b1b000e8c00038500028fffffff000c480005170000ecfffca000086c00111100006f00128a0007300001d700136c0001ac00116f0001fbffff40000bde000afd0016ea000306000f5b001d26ffff4b000b59fff9a2001b1d00109ffffc8cfffc05fffbccfffa5d0008f7000b930012e600001b0006c400087e00030e00034bfff49f000232000d00fff24bfff42e
    1	    1	   97	0007ba0002370011630017aafff990000525000af800070e00056d001092fffe6b0004ff0002c200109d0000110005680009430010ec0013f10008c30014d1000846fffcb300138cffff58fff28e000a0ffffd190004f600058000079b00065afffe8efff9a10013e7000eaa00191cffeea9000d06001226fffacbfff2e4000813000515000462ffefab00081500067200100b000886fff2d7fff791ffffa300019600118b0001fe001e60fffd96fffadf0004a3fffa1a00032600051ffffd5e
    1	    1	   97	000000000000000000000000000000000000000000000000000000000000000000000000000000000000000000000000000000000000000000000000000000000000000000000000000000000000000000000000000000000000000000000000000000000000000000000000000000000000000000000000000000000000000000000000000000000000000000000000000000000000000000000000000000000000000000000000000000000000000000000000000000000000000000000000
    1	    4	    1	000000000000000000000000000000000000000000000000000000000000000000000000000000000000000000000000000000000000000000000000000000000000000000000000000000000000000000000000000000000000000000000000000000000000000000000000000000000000000000000000000000000000000000000000000000000000000000000000000000000000000000000000000000000000000000000000000000000000000000000000000000000000000000000000
    1	    4	    1	fff596000269fff8530001ed0001a40002c6ffffd8000302fffd9efffd730008e7000d85fffb7ffff01afffd80001515fffce6000adffffdebffffd300047e00067ffffa6dfff84afff9e20004630002630003c0000552000760000a770018befff702fffb59000cd7ffedbd000076fffe60000252001158000630ffffd5000953fff67dfff903fff770000b42ffffaf0001d0000245fff2c1000269000b3400055300083b000eb8fff65a0009f5000b49000f04fff9ae00014e00083dfffad2
    1	    4	    1	ffee78fff5b3ffe42bffff35fff2c6000866fff764ffe996fffe020002f30018d3fff8c9ffefbffff538000086fff64700064effed91fffe1dffe469ffef9a0010f7fff7e1fff4a2ffffd0fffe05fff131fff480fffb60ffe672fff3e700033e000a0a00109b000a5d0009730012ac00058a000f3c000a8800046600019d000311fffcc1fffe110009a0000c860008970007d400013dfff36f000c1f0019fefffd770017250015a6001a4e00107b00039d0007ca0009680008880008b5000436
    1	    4	    1	ffea70fff22900007dfffba7fff94efffed600032afff590fffb90fff5d9fff18bffe837fff43dffef0efffc68ffef4bffec40fffc77ffee11fffbd5fff498000291fff1b9fff60afff77cffed5dfff21dfff61afff630fff504fffb2bfff0e6fffda6000d17000cbb000627000e360004b400090e0013c000092afffa5b0009e1001047000c49fff76600013efffda10015020005e5000495000903fffc460013550008b1fffc920004ae00087f000315fffe24fff668000932ffecb7000db0
    1	    4	    1	002d7800258f0025a7001d65001d90001dcc002318002f18001caa003cff002bfd002907001e4b002ab40028960018e300204a002a1d00277f00234100369e001da100228b0027b0000cd4001f4100220f001914000d26002a74002acd0011d400115600125bffeb870006c1ffefc0fff73600189e00007afff6d400006300125ffff263fff2d1fff0e2fff8e6fff9b7fffa24ffefcb0004e9fff1bffffa8800052ffffa5bfffd22ffeb1400147900004fffec96000616000202ffff8d00007c
    1	    4	    1	00121efffbfffffb5bfffce5000034fffb88000dda0009ec000602000fcd000301000ddb0017d3fff0ac00012e0003610013080001370005a3fff25b00095c000ec100152f00030c000dd4ffeab30005b1000c0afffeac000094000443000eecffeadcffe941ffe663ffef6bffedd6fff322fff8c4ffdb98ffe586ffee17fff357fff24fffe51bfff47cffecc0ffecc5fff576fff79fffe53dffebb5fff462fffba5ffe331fff1e2ffeb96ffeb3bfff0dbffeca6fff5500001dafff0ef0002e0
    1	    4	    1	000bc800166d000599000aa3000ae00011de000aba000578fff880000c7b00183f000139001a9d000f46000cd2000e990006e00006a1000f0fffff49fff636ffff61000dd1001326001456001675000f070002e00014560020ac000add001fc2fff6a2ffffd9fff2b1fff5affff56efff9e2fffb94ffe874fff7bcffef41ffff81000255000af9fff7c6fff8b2fffc1dffeef00008210004fbfff227000380fffb8dfff7ebfff976fff76e0008a5fffce3fffb66000144fffc54000c67ffedf0
    1	    4	    1	fff94efffe690007c3ffe8b9fff248fffbdcffefa8fff7b4fffac000046ffff9cd0015d5fff67dfff87a0007c0fffa9d0000d4fff7df000033ffdfa7fff788fff899fffdc90001c6fffb3a000105fffacb0000cefff154fff7d00002ab0005ca000ab000067d000525fff391fff6c2ffebb2000302fffce2ffef82fffa71fffbbdfff77dffeed1fff2ca000e64ffed35fff3dc00045dfffdc7000077000382fffe3bffecf5ffefe2fff752fffba1000631000628ffeade000288fffc8dffff7a
    1	    4	    1	00009cffeeb1fffef1000e11000636fff59e00010efff7d4fffc30fffdc9ffe26ffffb050010c5fff856000500ffeef7fff8160003a1ffff8bffeaeffff64cfff0d700007b0006a80006120002450007bf00093200052e00066cfff62500011cffcacafff033fff601ffe869ffedfcffd96cfff6eaffe9d6ffea66ffe613ffdfe9ffe95bffe6edffebacffe7d0fff4e7fff726ffe159ffe82bfff4b9ffee2afff517ffee19ffe24cffdd34ffd3afffe7efffdc0effe7c6ffedc0ffe787fff466
    1	    4	    1	ffdab2ffdbe3ffe607ffe09dffe4c8ffe0a6ffd75effe78affdfdcffdcf3ffe135ffe391ffdd2dffdc72ffdc72ffe835ffec42ffe00dffd3d3ffeb7bffcb72ffd4d7ffe617ffde0effe0deffe9d1ffcc1dffcf68fff00effe71efff359ffe572fffd7cffeff50009d5fff5d3fff36afff34efffc00fff652fffb2afff2c3ffef51fff455fff677fffa84fff9acfff74900035effe67dfffa25ffeac5fffc5afff157000367fff932fff506fff9a7fff60dfffd8c0001a4ffed64001115fff95c
    1	    4	    1	0008e6fff9c9fffa9500057bfff622fffba0000086000b8e0002140003ebfff6a3fffe75ffeba1fff9b8fff860fff031ffea66000317000929ffe297000a0effe9d5ffe753fffb52fffce4ffe8e30003e9ffff240009b0fff60cffef71fffb0800004efff7d1fffb51fffebdfffc1cfff552fff5bc0000eeffff68fff621ffdf370008ebfffa37000276fffceeffe891fffc4e00017dfffddb000cd30008defff6e9fff7fbffde00ffee8cfffee7fffdeffffd04000286fffac0fff95bfff542
    1	    4	    1	ffcedeffdff7ffce51ffe259ffbddeffd452ffe682ffd2c0ffd124ffd603ffe8d3ffde87ffd237ffd756ffe294ffd15bffd088ffda15ffcea1ffd8c5ffe3d2ffd365fff8cfffefd4ffdb2effe76fffd213ffd7c6ffdcb0ffe054ffd015000044fff96cfff3adfff0f7fff751fffe06fff264fff820fffdc60001bafff049fff68ffff1dbfffb03000808fffee0ffef55ffdfa80001c50000bbfff387fffe40fff85dfffdf500009cfff09afff115fff4ff0003d8fff9acfff59e000073fff948
    1	    4	    1	00089400065d0005d1fff3f5fffb02fffdf0fffcd6fff99a000018000dcbfff629ffeb97fff7f3fffcccfff61c0005effff858000195000bfdfff513000c90001877ffff1700050a000618fffd15ffe6a1fffcd6fff7ec000f9c000a73ffff2e00035800148500082900109f000752000d9a0014fcfff8f8001268000cdd000afd0009c30005f500100c00091a000e71000d700011eb00063f000dadfffdae000c330017cfffff98000cec0005d9fffa3b000502000eb200201a000a39001c0c
    1	    4	    1	0001a6fffd87ffffd1fff31bfffd0a0006d0fff7f2fff294fff118fff1cbffe8e7000657fffb99fff2080003bc0008f7fff994fffcf9fff953fffe4700015afff541fff425ffee9effe81400021bfff1bdfff1ccffec6600070afff783ffe8900018ee00302f001fb7001c7700216c000dd60012ba001272000e380012ff00171100227b0026530022e6001878000b410019f4001aa30013dd00065b000be000253d00184f00190a0026840007af002451000d12002346001a1c001b2700077e
    1	    4	    1	000ce2001421000a3d000c790012fe000250fffa900012e2fffbd4fffff700118d0013c3000a570011300015e20009f1fff68a000477000a63000dc10016b00011a5000ef9fffe6a0006c6fffd150010b7ffff0cfffcdc00151efffe23000b460002e4000823001a95000541001884000ae8000fe2000b4efffe28000e8b000e4d0005db00028100216c0010700007a300172e0016b5000a6d0002cd0011d80013b50014570002380011ba0010e3000cc900065e000184ffff58000e2500033e
    1	    4	    1	0001ee000e0d0009b5000db70019080008c2000e38000a4c00171a001771fffef50015bb000b75000cac000508fffec7000194001b790002c3001d31fffd4c000659000f79fffdb4fff0a4fff961000fd30015880017ee000b8a0008a50002ba0001500007290007b9000353fffe26001194000cd00004a2000768000743fffbe1000255000271001892fffa14000b63000d7efffd61fffd3f0018ebffff1afff98b0008350003900016a400052bfffa130010940009d2000b7a000325000d4a
    1	    4	    1	001074fff8d1000e9d000031000082000da6fff19afffab40011340009cb00087f0007e90000fb000d5e00145a00031f000dea001719000b1bfff7270005d6000155fffe2b000296000ac6000f57001865fffa460011b0fff9c400130dfffbda00085a0009f900070700157f0005b2000648000b0c000b1efffbca000b3b000fcf001411fff3dbfffdaefffe7afffd4d00053e00169f0003e70009c30006ea0009d100123ffffade000b20fff7430007b9ffff520002280009ec000d19000f70
    1	    4	    1	000000000000000000000000000000000000000000000000000000000000000000000000000000000000000000000000000000000000000000000000000000000000000000000000000000000000000000000000000000000000000000000000000000000000000000000000000000000000000000000000000000000000000000000000000000000000000000000000000000000000000000000000000000000000000000000000000000000000000000000000000000000000000000000000
    1	    4	   33	000000000000000000000000000000000000000000000000000000000000000000000000000000000000000000000000000000000000000000000000000000000000000000000000000000000000000000000000000000000000000000000000000000000000000000000000000000000000000000000000000000000000000000000000000000000000000000000000000000000000000000000000000000000000000000000000000000000000000000000000000000000000000000000000
    1	    4	   33	fff82cfffe6f000398fff74e0004340002770000b3000321fffc0e000ad1000c6d000502fff955fffbd1000a7e0009e000046f00071affff35000ef50002b5000c1d0006260004f80000d100069bfffbc0ffff2cfff7ca00057bfffa05000793000614000411fff9bc000a5a0005c0ffff4b000743fff54300016afffe31000601000ff2000541fffd57fffd90000c40000bfb00064e000307fff759fff2af00001d00034e000046000ab3fffe150003a8ffec18fff05affff77fffa11fff54f
    1	    4	   33	fffafcfff5b7ffeb08ffee7afff2dcfff559ffec59fff2c7ffeb86fffed3fff84b0002ecffe6cb000757ffed2cfffdb0fff5e30000d8fff09dfffa31fff8afffec6ffff0e2ffffc6fff4efffff71fff820fffc46fffb0efff897fff2a9fffb6d0014c8000bb9000554000ed40009ec000d610011c9000c83000e78fff9110016d9001a72001b3500162b0009bc000522000f4d001736000809000495fffc670007d70012a8fff76effffbb00014b000c64fff97600005e00142f0015bb00113f
    1	    4	   33	fff246fffc5bfff4f0fff1c8ffee52fff51fffecfbffeb19fff57efff61dfff449fffab00002a1fffe05fff4d0000b36fff767ffed12fff0e1fff0adfffa95ffe0a7ffe4c400018afff29ffffb650000deffffa8ffe9b8fff245fff531fff4a1fffa400004f10002d80006a40010b00017a7000a4b0007b500050400067100025ffffe920003d3ffffd5000cce000aaaffeedf000aca0008790009550008a30005bb000fd4000d6a0003770007d1000cee001180000a34001599000543ffff51
    1	    4	   33	000e60001ebf00116a0036c0001b20001d2b001ecf0023d9001a0800261d002e41002860002a9d000a7b001dd800197a00150f001536001d07001df7002601002053001a70002714002c8900136b0025ca0022b40020d200137300299f002c47fffc4c0009cbfffe06fffecafff04cfff8b3ffffcdffff61fffbfa00050700026b00013800002d0004f3fffb2000070effe3b1fff71e000897fff6f7ffec8b00026dfff0280001acfff55300001dfff9e0000c34fff52000069bfffe5bfff819
    1	    4	   33	000a86fffac5000904000cf00007a8ffe873fff1db001593001334fff921001b250000b2fffc81000907fff8baffff260013d1000c3cfffa890002db00071d000561fffa3c000f70fff8c3000c450007f00005b80005bafffb5ffff595fffe4dffec06ffebcfffe226ffec7effebaaffe2e3ffed610007a3ffe92afff5f5fff55ffff356ffe785fff721ffe10cffe70cfff74dffefc2fff5affff98dfff4cdfffa53ffe87effe6d6ffec13ffe70bfff4b2ffea3cffe6daffe2ebfffb91ffee35
    1	    4	   33	0005a00016b1000128000f6efffb8e000c2d0019070006a1000b9c001bd10002e10013a600097700075300026c0008d8000a9d00093a000cbd000de3001549fff9c10011540019f0000e0f00057ffffe14000fd00013b80006b30004d50005fbfffc12fffa1bfffaa4ffe6d00001a8fffa0ffff783fffe450003160005a10000a5000020ffed97fff505000130ffebca0004effff3e4fff8ddfffd1bfff749ffead10007d8ffef9c000471fff5bf000e4cffef9effff24000213fff427000331
    1	    4	   33	fffab4000501000688000604000964ffee8ffffccdfff97dffff80fff5dbfffa39fff29efff207fffcddfffa92000782fff6edfffde2fffac300050ffffa7dffeffbfffa56fffb620008ddfff685fffec8fffd72fff8fc00007dfff8b10003b3fff80cfff6ebfffbb8000032fff914000a270005ad00030ffff054000ed5ffff1bfffe2affedcb001257000b9afff834fff903fff4b4ffe9730006b3fffc7ffff25f0003180006340000cbfffe2dfff6ccfffdb4fff53cfff15ffffc99fff8a5
    1	    4	   33	fffc08fff78900058afffa54fff210fffaa7fff90ffffe47fffc1cfffb15fffb9d00073afff85f000007fffa36fffda40009c7fff470ffffa7fffcf5fffa750003d300033c000090000387fff33dfff2faffff4afff6d60003b70000e9fff5a1fff72afff3f7ffe67cfffe4effe692ffec0fffef19fff71dffed04ffe681ffe455ffeaecffde6dffee17ffe3c4fff230ffee7bffecb0ffd97dffe56fffe4efffe669ffe54affe664fff933ffe065fff47cffeecaffef74ffe927ffee09ffead3
    1	    4	   33	ffdea4ffed19ffdaf2ffdff6ffcfd4ffe0bbffd711ffda3dffe1b8ffd9e3fff2ddffe7c8ffe373ffdaa7ffd946ffe0f2ffd29bffed6cffdf35ffe70dffd955ffcc45ffd6f8ffe174ffe807ffe6e5ffd758ffd8deffe000ffd0abffe145ffde0bfff452fff0dbfffd2affe16effecaaffed49fff623000267fff800fff5a1fff8e9fff994fffc01ffffe9fff868ffff60ffef79000468fff5eb000757fff457fffee5000376fff768ffffd3fff22dffec5affea48fff09cfff46dffe79dffe5c5
    1	    4	   33	fff37cffe7eb0000bcfff6a2fff62afffb59fffda7fff25f000364000f6fffec4d000314fff367ffeed1fff14a0006b2fff317ffe796000399fffc97fff235fffbb10005f2fff202000651ffe2effff060ffff44ffe88200109bffee0bffff0d000768fffb13ffe82efffcdaffebfafffd27fffa4ffffa59fffbc000014d0018d5000e4efff4c3ffeee9fff96600054800086dffff24fff9edfff997ffec11ffff3bfff37cfff25afff79ffffbf3000438fff9d8fffd10000611fff0cb000263
    1	    4	   33	ffdaa6ffd91bffd0d6ffdcf6ffdbb4ffda7fffda5dffcb63ffde5affdbd7ffd3f3ffc824ffdcadffe5adffd39affda7affd033ffe75cffdae7ffd859ffda03ffcc11ffed92ffd4e0ffd873ffe07bffd874ffce98ffdb34ffd179ffe2bfffd3ff0006cafff0d1fff86efff20afffc60ffff0bfff60ffffa5bfff790000333fffc23fff33affeab7ffffc9000ad4ffffd4ffef3900022efffd33fff2d7fff569fff047fffde4fffc56fffc5ffffaa5fffada00030600051affeea3fff2ebfffd3d
    1	    4	   33	000346fff4dbffefdcfff9020005160000ad000b4bfffe370006ac00055900071b000226fffb65fff9e5fff074ffff82fffe310007c0fff3b7fffc39fffb9b0003bbfffcfe0015a2fffaf3000725ffff52fff1d40000780003eb0003fd000c9d0022960007970024c8000ebc0019bc000a57001c79001679000a8a0006df0006cf001a02ffff1f00117b00184c000de2000a3f000dfa001a7d0012fb001589000853002212000ecc0014ad0017a1001c1a000d52000606001a33000645fffe23
    1	    4	   33	fff3e6fff8bdfffab40006a2fff530fff70b000127ffecf7fff6dafff807fff523fff820fff8c3fff517fffb94fff376fffaadfff5b400151f000b19fffa230004bf000ebcfff966ffe9cdfff3cf001ae0ffe764fff5760002a5fff8fdffff9100104e000a670008f0002224001e36001b8d00294b001e25001ae0001d9f0010e5002140001ef300175b0008a40016b20016ff0004720024f1000563001dc5000839000b5a0025140028fb002423000d66001398001ce400144d0029fd000593
    1	    4	   33	000fae000b5d000b92fffdc0000312000c5f00091b00004b00150a000f09fffd7ffff88a0013210006db000a58000b2000192b00009e0008c5000919fffdb1000639001828fffc800012c1000a63fff854000ce00009880003b700031d0008b3000f5600081500008a0016e600104a000afb000243000a870006280010010004db000a44001581000beb0002e400179e0011c5001aaa0000d5000b950016870012db0009a00000fa0018090006790005b800073a000e2e00125b0015870008b9
    1	    4	   33	001b560011a30000ae000b5e001c0e000a450011b7001735000a2cfffc670015c5000f3c000e4b0026c3000362000380fff695001094000b63001321000f2100096100157e0008d6000df9001707000ffa000a4200073400082b00188d0011f10004800011b5000568000d880009da0013c7fff7b900091300090afffd85000315ffff4c000f3500029f0001bafff64e000a87fff0acffea730000510014db00118b0005aa0000b400077300261d000026fffd4e000e3cfffe99fff62fffee41
    1	    4	   33	000dbc0002fd000a480006c0fff70a000897fffbe300119bfffe48fffdb9fffc59000a92000f69ffff65000dc20018b80000adfff980000cbffff863000e61000b4700005efffe3c0007e30011ff0001be000bd800025800062d00111f000219fff2100011490001480007eafff1d0000f73000977000f350006020009d70005e5000b10000d290011dd00029e00025e0007950003ac001c8100043f00007900026b0002d2000ff0002177000f470001fc000c22000f2efff0cf0004d30003d1
    1	    4	   33	000000000000000000000000000000000000000000000000000000000000000000000000000000000000000000000000000000000000000000000000000000000000000000000000000000000000000000000000000000000000000000000000000000000000000000000000000000000000000000000000000000000000000000000000000000000000000000000000000000000000000000000000000000000000000000000000000000000000000000000000000000000000000000000000
    1	    4	   65	000000000000000000000000000000000000000000000000000000000000000000000000000000000000000000000000000000000000000000000000000000000000000000000000000000000000000000000000000000000000000000000000000000000000000000000000000000000000000000000000000000000000000000000000000000000000000000000000000000000000000000000000000000000000000000000000000000000000000000000000000000000000000000000000
    1	    4	   65	ffecb8000406000878fff3caffff80ffeaf7000ac5fffe35ffff6100092dfffa750001a6000cdd000538fffd2f00023efff2c9fff9d7fffdc700091efff796000bab000865fffb310009f9000e9c00089c000a5ffffff1ffee6efff6e8fffe1dfffa42fffe2efffe8cfffe7800082c00005dfffa63fff93900048f0003e30015f5fffd9e0008a3000fc2000bddfff980000399000359000497001000fff966000c390001370001d30001f7ffefaefff104001417000115fffc0e000468000b01
    1	    4	   65	fffc2cffe36affedaafffee6000410fff2b7ffee63fff1d9fff253ffed870005d5fff1deffdd47fffecefff943ffe9c40003c9000645fff94fffe4defff0c6ffe97500005ffffa31fff0c7fff0360000f800005fffece7ffe68a0008ceffef850004d6000500000f860022360009a000038d001f3900083f000abb0001ad00083700041e0013c3000e56000331000aea000d01000b91000d4dfff06afff4e800059100077f00095f000de900156c00015effef69000f11000b5400154e000495
    1	    4	   65	fff834ffd902fffc220003dafff232fff749fff9bbffe857ffed35ffe4dbfff75dfff6e6fff95fffeceefff82dfff59affeaf1fff637fffc61fff150fffaa0fffcbd000009ffe5ffffeef5fffb38ffde60fff081ffec65fff9b0000478ffe87f0004bc000bc6000f28000e90000a720000610004e5000f77000783fffc35000f2f0008060007a5000ae40002ed000c9cfff629000a9f000003000ed60001e6fffc0f0006710001bbfff87dfff5ac0003bc0013b70003bf000a74001720000a25
    1	    4	   65	00261000270e001978002a3e002acc0026d90018250020ef00236100221f00176f002260001ce50016e6002af5002fea002347000f270022fd001b72002130003015001f6b002319001d17002770002b04000a2500264f00127a00206000204dfff2ae000288fffe5efffd0cffe6ac0009f90003a1fff325fff4d9ffef910013c70008200005c9000456fffdebfffaa8fff743000ecb000e2dfff444fffb30000e1ffff5afffe705000dc1fff93afff98c0003c7fff4e9fffb50fffe52fffad9
    1	    4	   65	001228fff78400072afffd7c000506fffc5bfffe170005fd00077f0008d3fff1890003defff831000990000eb5000f8e001249fffbab0000f1fff532fff6d0000173fff545ffed49ffff4ffff8d6ffecf00009bbfff95d00123c0005e8000a4fffea82ffe6b4fff366ffec70ffe6a2ffea45fff205000479ffe8a3ffec89fffc7fffe512fff78ffffcd0fff20f0005d6ffda53fff7bdffec4dffee38fff1b0fffb75ffe941ffde77ffe861ffee90fff486ffe58bfff741fff24efff9faffec35
    1	    4	   65	001cb0000ca8000cb8fffe04fffeb800158f0005db000db1fffc690010e5000473000a6a000323000b520007e70007de000b6b001297fffd8f00048c000c940011af000fbf000b5b000ad100178effff00000913000c09000b9c000abe000015000070fffea4fff314ffefb6fff9020015a5ffed09fffcd300004dfff77bfff9e3fff952fff0d3fff37cfffe9b00010cfff64d000265ffff5dffed2efff626fff823fff945000269fffb270005b8000580ffe5dffff247fff8b6ffeb8c0003f1
    1	    4	   65	fffa50fff44c000270fff5c4fffe32fff17dfffdcbffefa10000b3fff979fff493fffd1efffd7f00008c000ff3fffb64000079ffe9a1fff67ffffa42000a860015afffe40b000a21ffebf3fff21affee0afffe5ffffb6b0004120004800009a30006ee000a66ffeb2efff254fffa44fff65d00047dfff037fffa63fffd9ffffba9fffaf4ffffcb000d9efff1fffffb12fff8bbffe995fff735fffbce0001f6ffed6ffff3f9ffea9d000149fff8240009280001c70000f1ffed44ffeda4fffb25
    1	    4	   65	000c08fff976fffa0efff674fffa10fff597fffaffffe941fffe5bfffdc3000761fffc8cfff785000262fff6eb00128c0012f7000a470014affffdcefff646fffa77000665fffcf1fffc67fff70afffef00004310003170006d0fffb4200088ffff010ffdd98fff064ffe9ccfff310ffe19b000159ffe93fffe7edffd45fffddfbffe82affea75ffe7c4ffec6dfffda4ffd4d1ffd679fffa7bffdfa0ffd48affec85ffefc5ffdd6dfff619fff0d0ffde96fff9edffea53ffedd6ffe97efff0af
    1	    4	   65	ffdf62ffe7deffddccffdd1affd05affdcf3ffd921ffd59dffdf1fffcd37ffe931ffd1bcffddcdffd90cffe147ffe62cffe4e1ffef19ffd231ffec2effc184ffd915ffea4fffdff1ffd3b5ffd972ffeab6ffea3fffdc11ffd54efff500ffe27ffff0eaffedc2fff548fff9fcfff192000031fff6adffecd9fff457fffac1fff8d3fff560fff8d3ffed70ffea2dfffb74fff6e1fff6a3fff89ffff314fffe02ffef4fffec17ffef8bfff03dfff626000f88fff25dffe1e1fff38cfff79cffe745
    1	    4	   65	fffaecffe90efff772fff87a00045efff2b9000e7ffff80bfff005fff883fff64dffedea00009b00028a000279ffff42fff37dfffc050008d1000dfcfff13efff58500008ffffa71fffeaf000414000514fff8b1fff43d000a42ffe7b60008df0000dcfff5f8ffe610fff946fff45a0004affffa4dffef4dfff98d0006c5fff7f1000664fffdb3fffb96000bf5fff898fffea5ffef59fff0190005c2000ceefffc4300020d000807ffef9bfff0c0fff0eafff95d00054ffffc7cfff53afff6a9
    1	    4	   65	ffd71afff0a6ffd4dcffd614ffdf14ffd0fbffe191ffd23dffd4f7ffcf53ffcb6dffdcaaffdacfffccdcffd7efffd2f0ffd0ebffea3bffe5cfffce9effe3a2ffd581ffcfe3ffceebffd739ffd678ffeb4effcaa7ffd4bbffcdeeffd27effe19dfff4dcfffb10fffc260005ac0000c6000589fff033000539fffbcf0000a5ffe857000f90001405000decffe8cdfffec20000ebfff16ffffd910005e20002a2fff885fffb95fff503000d89fff434fff3cafff00f000807ffec6cfffb72fffe0b
    1	    4	   65	000240ffee1efff854fffdd800171efff875fffe3d000ad1fffcad0005b700009f00032cfff715fffce0000905fff7ae000a8b00006ffffa85fff2b40009a600143b0006ab0005c7000db10005d2fff1fcfff36ffffeddfff72000028afff77d0021be0016a60005c200064400051000209900198d000ae9001759000db3000bb9000a10000d050019b6000a97000b98000bbf000a8b00128b0003a20007dc000dab000cf3000edf0020ad0015940015a800193d000541001b84000dba001195
    1	    4	   65	ffee0a000842ffea08fffc12fff1a20003d1fff6bbfffb1ffffcc1fff90dffe7e700095afff9a7fffff4fffd13fff6d8fff377ffecc50006ed000042001020fffaeffffdf1000ab7fff27dfffcd6fff944fff447fffdef0009b6fffa26fffb6300162c000cd8000f380012760017b4001cab000ddd0014170017b10013c5000655001e0a002931001b6cfffd1100112a00071d00189b002039002b6e0021fe002121001cf90012c5001f09002118000f5800166b000ec5000a7400265c0016d9
    1	    4	   65	00041a0015b0000d86fff5c4001e96fff7eb001219000ebb00028700092d0004370009ec000809001f82000b33001a3a00088500140100098d0007f40007b6001cd9000f7f001a59ffff070000f8000f98000241fffd5f000556001268001cdd000cc0fff4b0000cce001c2cfffa9a0007370015b7001f05fffb4700096f000cfd00099c00099f0006ec000505001206fff7f1001223fffea70007ea00003c000a71000f1d0000ef000175001a2400002600022f000c57fff90e00073e0010b3
    1	    4	   65	0008ca0013f20004760003e2000b4cfff781001d150024590018590009f30003d7000516000cc50012fe0001dd000c4800076b0005f5000703fffad00014320013b50016750003070016a1001a5600095efff95f0009250005b200148200034d00174a001586000818ffff20fff468000829fffbc3001371fff6f5000d6300192f00059200057d000196000b15000478fffdb7001ed9fffbe100037c001446001dfb0004edfffe8d001a7900102200116c000955000fdd0002da000b90000691
    1	    4	   65	00180400044c0005460010aa000252000a6d0008f10017570005a3ffffef000dc700039c00090500134800037d000a2a000e91000bb50008d70007ba0000200004bd0012550006b5fffcd3000bb40008a6000b29000a150016aefffba800157f000bc8000c320000b4000be60006e2fffb75000b2d0006bd0000530010ad00004f0005c4fffe17000f620021ff00067c000141000329000171ffff7000048c00008b000793000ccf000417000b28fffc64fff7590004e70002ee000c14fffc65
    1	    4	   65	000000000000000000000000000000000000000000000000000000000000000000000000000000000000000000000000000000000000000000000000000000000000000000000000000000000000000000000000000000000000000000000000000000000000000000000000000000000000000000000000000000000000000000000000000000000000000000000000000000000000000000000000000000000000000000000000000000000000000000000000000000000000000000000000
    1	    4	   97	000000000000000000000000000000000000000000000000000000000000000000000000000000000000000000000000000000000000000000000000000000000000000000000000000000000000000000000000000000000000000000000000000000000000000000000000000000000000000000000000000000000000000000000000000000000000000000000000000000000000000000000000000000000000000000000000000000000000000000000000000000000000000000000000
    1	    4	   97	fffbf20001690000db00031700077c0000fefffe7afffbc7fff9f0fffdf1000854fff436fffe000002d7001a2200018efff6b70009e4fff48600030ffffd9ffffd94fff2fcfffe20000cba000796fffb25000cc4fffd5ffff873fff7f2fffcd7000680000ae50006bdfff4affffd76fff82c000e38000449fff9eafffe6dffe752fffef20005c60008dbfffc4000166c0004a900032a000224fff8cdfffb4ffff3acfffcc0fff5cafffcd6000af2000435000a1efff13dfffb43000b72fff771
    1	    4	   97	fffb16fffb99fff96dfffa59fffa34ffeab000065afff1a9fffbb800058fffee8afffcaa000130fff4bdfff2a6ffec82ffdee50005b40008ae000bb7fffbb1ffdf92fff04cfff514fffb5e000980001dcbfff49efff721000529fff156fffcc50011d6000945001445000bfd0001b60017c20008000006b7001300000e9b001f000000460009f40013a1fffed0000dea00093b001714000f3800123b00043500156c00168600032200023800095600067d00116e000e0d000cdb0015d4000c85
    1	    4	   97	fffe60000a17fff15dffee2bfffd36fff53000067efff585fffb36fff4dfffeadefffda6ffeb8cfff2edfff5a8fffa14000069fff01efff6c2fff917fffe35fffa2efff9f4fff368fffa9affed3600079ffff314fff0b1fffc1fffff5cffe511000a020003690012550004bb0007be000500fff666000207000cda000a95ffff52000e60000e5afff6ad000c9c00180000069700073200000e0000b30009d30004d80010820002ec00069cfff6d600077900018cfffa3b000a55000768000e5d
    1	    4	   97	0023f2001c270023990021c100249c001e8e000a96002797001e5a0026c500165c001e000029ac002e250028560013a2002a89001c38001a620023e3002c6f003130002ca000319e001ba8001dc60021f50021660026a30018ff002bc2001b3bffe8cefff5db000c07fff769fff990fff41c0006defffb8bfffcec001301000154fff350ffe8aefff8efffff440004cafff851fff650fff88c000393fffaadfffed40000e6fff892fff4c8fffcf4fff8effffe1a000677fff477000204fffe2f
    1	    4	   97	fffdb8000d8300018f0008a7000210000072000496000ac9fff2860000870001e0000a7a00097a000d2dfff8c800063a0003b3000860000f72000a3300059d0000b80010980017e00009c6fff5220008c900044cffeca5000fb5fff998fff16bfff5600001f3ffe761fff747fff130ffebeeffec70ffef6dfff07cffe7f5ffea58ffe2c0ffeed6fffdedffe83effe194ffec27ffe8cafff0c0ffed89ffef39ffed82fffe32ffe952fff650ffe8e8fff44bffeae6ffecc3ffee87fffe9effecf5
    1	    4	   97	0013c200157d00068f000801fffe3800187effff8c000ac1fffdb2fffebd000c70000b4c0011dc00159d000b6e000d0200108b000f0c00192efffe4d0010c7000796000e040006c8000f460014f200192b0011e20011d30016990011440009d5fffe48ffffaffff06fffef05fffd04fffb0afffcf6fff0b1fff27cfff3b3ffecd4fffbb0fffe50fff051fff53cfffd38ffef5dfff488fff71cffee85fffbcf00069affeba2000e180002c800038cfff891fffceefff387ffe7a9fff120000129
    1	    4	   97	fffec6fff2a70004cd00038b00039600037efffa08ffebff00036c000bb1fff866000eb000026400062dfff7640010d80004ef000ba4000d30ffff630002a1fff3f0fff8c4000e2000026efffb7800172d000180fffbe3000cfdfff440fff47dffeb6afff40ffffe370006dbffefbcffff48fff832fffd570004e2fff71bffffe8ffeccafff0d6fff6290004f40001a2fffcadfffea8fff7a6fff41f00048b001018fff9ae000048000136ffec1a001511ffea08fffea1000da5fffecc0009e5
    1	    4	   97	00019a0009a30001ffffeb9d000420000616fff788ffff0ffff9ca0007dd00014efff3d4fffd5c000d0ffffcbaffee30fff2b7fff78400077affef09000a69ffff8cfffb5efff9f2000400000a36fff2d9fffb06fff339fffd15fffdc2ffff8bffd76effe277ffda5bffec67ffee00fff412fff418ffe207fff480ffe079ffe9beffe8acffe588ffdb55ffda42ffe8d2ffec19ffef42ffe152fff0d3ffec09ffd63cffdf66ffe150ffe308ffe9d6ffebd5ffe096ffe311ffeccbffdc78ffd471
    1	    4	   97	ffe420ffde41ffce05ffe54fffe0dcffdc6cffdc46ffdc01ffd0d6ffe75dffe5e0ffeb5cffd9f2ffdfffffd5e0fff31cffea19ffdb10ffdba6ffe769ffe11fffdb7effe778ffe678ffe014ffe5deffd1ddffd586ffd96dffde4bffe110ffe73b000290fff06b000ea70001f9fffb30fff74effe7dcfffa6ffff72cfff521fffc62ffff70ffffc6fff783ffee48ffee4e000317fff884fff34afffdc1000a1bfff82effee76fff68affe576fff4bcffe6e3fffd2a0004effffcedfff47afffe5d
    1	    4	   97	fff028fff56ffffe39ffed17fffba80002d80004f6ffec01fff152fffe9b00049cffffa6fffa5c0002abffec0efff86afffa3bfff34a000aa6fff7a3fff2bffff8fcffe630ffed04fffc38fffcf8fffa6b000698fff933fff6ab000414fff5530000f0000505fff621ffee23fffe1e0004ae000400fff9f9fff0000003d3fffb88fff8b8fff0aeffe7f3fffd38fffb34000021fffb38ffe810ffe929fff325fffaa8fff84afff7e6ffee48ffec5efffc13000982fffb6bffebe5fff5faffe38b
    1	    4	   97	ffdbf8ffdb75ffd5fbffdc33ffe7a6ffcde4ffda8effd7f5ffd7e0ffc893ffe51affe48effe3bcffdb0dffd59cffdb96ffd135ffdfaeffe91effc931ffdcb3ffd454ffe500ffe008ffcd90ffd5f2ffde25ffdfd6ffceafffd50dffd1f2ffd8c9ffff34fffd6dfffcc3fffba3ffedf2fff074fffd0efff88dfffbe000007bffe478fffaca00030afffc69fff370fff9c2fffde1fff328fff90efff655ffe22dffeabaffed34fff50cfffb16fffaa0fff6dffff360fff8c7000bc1fff852000869
    1	    4	   97	fffb1600075dffedeffff22d000240000b60000a08fff505fff714ffff490000ee000476ffff34fff8c7ffedbc000b12fff9cdfff744000b50000063fff0cdffecac00111c0000c4ffece4fffa60001381fffb10fffb13000625fffcde00031f0023e6000217001975001db90011d200048a00191200088b00085c001acf0014b0001fec00135000055d001498001bfefff8cb001eba001eaa001361001c97001986000bf800194a00084e002072000c3100175c000525001adb000c70001b39
    1	    4	   97	fff94c00099f000c61000f93fff6ceffe678fff7a0000429fff794ffe9adfffd02fff33c000054000be5fff7f00000d0fff1b9fff8a6fff9fcfffd51fffbb3000490ffff1cffffb40008380006e6fff7fdffeab2fff3bbffffebffeca20009d1001a3a00186b00112b001bcf001c0e00219c002a5c001a85000184001941001548001cd60012a4002295002246001c5c000a65001e5000103e00172d0019170003f2001fec0022de0013c000309e0009990017c80015d5001781001bde000c49
    1	    4	   97	000090ffecd7001497000645000f0cfffd0affea8000042d000ff2000533fffef80003c8000f4400112d000bbe000374002001001a90001172fff9affff6fd0019580012a800083a000fb0000b6cfffd0dffff3a000c55000513000f26fff7a1000ea00005c90021a3000de70002b4000854fffd420019f5001e64000d250006d000141a0012580000df000e0400007e00102b00075c000f360002170004f10001d0001730fffc22000a10000b88001e4b001398000873001057001a3c000f8d
    1	    4	   97	000702fff901fffb99fffebb000cd0000adc000aac00060b00168affffcdffffda000376fff994ffff61000f1c000f4e0005d3000ffa00023a0013d30006af001aba000e7600091afffde4000de00000a30004c8000b8900065dfffd4600032b000a4800013dffff5f00136f000e1c0010aa00068200038dfffea400035b001774001476000bea00065b001ba000088c00065d0013800005c60009590005e1fffb2afffe08000b580017ea0004c8001247ffed680001690016ff000640ffff01
    1	    4	   97	001bf20012f3000eef00034f000a08fffe60fff7460005a3001ac2fffe510000640013cc0013fcfff98dfff7a80007760012f1000640000f980017270009dd000cfa001b4affefea001998001c3effff15000cde0013010017070012c4001a910000ca0010d10015e7001093fff32e0002b4ffff1400158300108600084d000d8c000374fffae80004a3001daafffe00001089000378000c4c0014790004b30007d80011e0000b680000ba00002a0008ff00180c001559000d7b000132000e13
    1	    4	   97	000000000000000000000000000000000000000000000000000000000000000000000000000000000000000000000000000000000000000000000000000000000000000000000000000000000000000000000000000000000000000000000000000000000000000000000000000000000000000000000000000000000000000000000000000000000000000000000000000000000000000000000000000000000000000000000000000000000000000000000000000000000000000000000000
