    x	    x	    x	xxxxxxxxxxxxxxxxxxxxxxxxxxxxxxxxxxxxxxxxxxxxxxxxxxxxxxxxxxxxxxxxxxxxxxxxxxxxxxxxxxxxxxxxxxxxxxxxxxxxxxxxxxxxxxxxxxxxxxxxxxxxxxxxxxxxxxxxxxxxxxxxxxxxxxxxxxxxxxxxxxxxxxxxxxxxxxxxxxxxxxxxxxxxxxxxxxxxxxxxxxxxxxxxxxxxxxxxxxxxxxxxxxxxxxxxxxxxxxxxxxxxxxxxxxxxxxxx
    0	    0	    0	0000000000000000000000000000000000000000000000000000000000000000000000000000000000000000000000000000000000000000000000000000000000000000000000000000000000000000000000000000000000000000000000000000000000000000000000000000000000000000000000000000000000000000
    1	    1	    1	0000000000000000000000000000000000000000000000000000000000000000000000000000000000000000000000000000000000000000000000000000000000000000000000000000000000000000000000000000000000000000000000000000000000000000000000000000000000000000000000000000000000000000
    1	    1	    1	eb72ee11df85e921e16ad7a7dee3ddeec710d5d3e291f265e555d510df15d5cce793d79ad598e6c1ea69e5d8e772e0e7e0cbef36e388e7ece8d7e2faca35ed3de876fe77ed99e87fe5fce12ff48bef88efa0eb2feee5e89904b9eb72ea03e9cce5e9d982e768f747f387e2fef136e4e3e4dd0282ef2aef760851e280f301fc1b
    1	    1	    1	10160cdd0ef9120915f8047f19df115c0186156d1b11091f0f8313c00c8d11841c3d17a00f2217170ff50b981fa81c7f17130e461926fe5410a908f6061d082523d8235b13a116171374146919a519d82be223f324250b392f5129501bff231a1e91133a23280aef1d711928127e1e8313971bf2215a27c80c371f161d151f97
    1	    1	    1	e4d4008be3d5e8f1de9ae163eb23e904e106e6b5e933f5bff88feca0f091e450e60ff12ee882f4b1f9cdeb92f7f0ebcbecd9f06cf584ed0ced29ececfb9fdf9f063a0b671023135d05221e8d06d9115604a4fe390d610ffb0c15181ef625132c0eb10496090606e5f8b701680dca0f511b6dfc061106188affc3fde8f37f05eb
    1	    1	    1	edaae99df987e2c1e494d93de3cbf74ceb44ccc1f38100bde9f9d672f14feca8f03be6d8ea96f4bbeba3de1ef4bae6ede603e31edad0ecaae0f300cadb7d051ddf54f157f1f9fd9dea28fd1deaddf71a05fcf52bee21fc39000ff1acfae5efccf105f322fe0cf2d9f9d3ef5c0ce2f47bef71f9e4fed40200e9f5f322e87302b5
    1	    1	    1	fac4ee69f13be661f314e7c1f2efe3f6ecd6e871f12ddf21e95fef7aeb75fb4af4f3e754f966fc7fe8b7f188e640de93e0eddcc6f772eec4e36fe8cadb6ffb5d0c7a00e70047f2fdea5ef237fea7f40c057a0b85f26b094902f7063af665f33e17f30602ffd6faa3097ff67cebde064def7103ea0ac6f9c4fb37f546ef2f0339
    1	    1	    1	11ae0adf159d17d119480c0d1083175a13f21885130310970aa912a221ad0dac0b11135405ac0c1717d712c81506095d0d950af418d80eb40a2d1c1013d519b50cc21a3501cb0fb71dbc20b90c9b15ac18d01f4d087305cb173b19d4210f0efe16e314ca18cc0fd10a1f00de1c6406ab19a716aa151815acfb950d4c16551b81
    1	    1	    1	f588fc5df31b0195f05801dbea23fe9eef62ebf7f1bdf9ddf655e87cf739f07efa19ebe6e620f459f799f398f57cf5a5f543f66ae780f4baf475ef22f96fff1312fafb27f3bd0163fe6aff610cdffc280b060ac109e90a0b023b118a0283150000dd1188fd7800c706c5fe14fc7ceb690b5ffdb408520564e9df05d609d7046f
    1	    1	    1	091c15f308c7144b13380d0106cd0c5010b40c7d14830c11157bf2dc024fff46090d0e4cf67209b508bb0124006c0ef508bd0cf40ffafbd4fb5ffc20f3411163f6a01addea8b04a90db609fdfe2bfc10febcffd90215fabbfc45fff60a1d0cb006bb0444ff1616d9f99b073c04dafcbd15b3ff9cfc5403101117036005ddfb71
    1	    1	    1	094a0a3f107512191fb6147b12f7122e09e22ab71b4918d51bef1232048b02801e5f11ac14f411311067fe961dda1dfd1d2915ba18580cb6008f026625711311077a0be7044b10771b0002af10cb0676f45609430e1fff63081f0dba11ed0e70055519a80b9e05e103f103f2097220f9109707c8025cec5609070d1c0e1bfe8b
    1	    1	    1	19f413590af11b27144a12b51be51f5214b0114917a108a109cf18081fa70e1414c71c1812721669084b168e13ac15790a6d0fe20ae00a021d351abe27890b45079c0c7b10ad07611636f83df4cdf886f3b0040108b915c7011507ea0779132a12a10d3603a8f06504dd11dc000611bbf717fa3cfe3c0ae0028d16300d63f6ab
    1	    1	    1	f7fae7f1001df991fd4a0cfffa6b08fc05eef9ed1669fff7fb73f362fb8f132609a5f22a1d44f6fd024904c40978074bff3501acf35afb94f637056cfbadf61710e2027b00370aebf1ccf211fa6f030601d4010d0905033508990748fcbb058801cf0d68f7aaec630babfed0081c067b1299055006c402ca021dfcbe0fef0a33
    1	    1	    1	e3acfe41edff1019fa9efecffd4be69aed52eca1f2f101b9f269f8f2f825f3500187e40a029cdec1ec81f1d6f608ffebf5e3f30cfa88fe90f927f902f3a7fddb21d2132d21811d4d16021b0716db0e00127a129d169f12710eb50a0c177b156019cf0ada1dca1efd15f11122110c105f1e870a50048018d40c390aaafca517e9
    1	    1	    1	34c02ec12d0f2f5139802b9d14252a54170a1f552ec11c652cfd245e27052c4c1ec5314a265e221b2f171a9416821a032303268e2bf82be820512d262b53fd5510ac0bc70bf3040d0e0c153b14d31a3412620b6f265714970d4307140f1703c813b7fc5818160caf05a3166604ee116712ad0e4c18c0061e0e0319f21cd90d99
    1	    1	    1	e400ee83f5f3dd79e6dce41be5f7f590e4b2ea57d3fbe66beb57edf8e44dd940e49ff2dcf75ef319eb67de0ae844f555e56febe0eae0ee00fad7ea4af3e1f04bf088eba3fb1bf5a7ee46fa87fa53f6d0ebe602a1f77dfd33f231f5e2f461f222f8b9ff56000ef925e28df6600680fcebfa2be838f788f9eef21dfa24f2fbf1db
    1	    1	    1	101cfe87ff97ff05fa62fdedf0f7f528f51c02f9f32b0cf7fd2d01e8fa15f4860129128affd20b47044d00f6f8d80079f4bdf48cff98da06f32fed46f321fd25f4b4f089fce1edd5fd160189ff23fad8e870eeb50231edc3f97df8f2ef09f8b2eef9ffca0068ed95f427fa94f508e7eff635f482f050f022f9c7ffcad8dff2df
    1	    1	    1	03c4fe9108e3006d08e007750bad1030f76ef6c71c6b011f029700d6084ffd6808f7015e00d60749021bf13aed5afc0d182f0ebafdeefd64fc57125009b5f323170e11bb0e391aff1c7020af15ed08a01b6e208910c51747295f2256162926f611ef06f212860ed1195b15f40f621a4516811b20391a034e0fa31e5e1b9703ef
    1	    1	    1	0000000000000000000000000000000000000000000000000000000000000000000000000000000000000000000000000000000000000000000000000000000000000000000000000000000000000000000000000000000000000000000000000000000000000000000000000000000000000000000000000000000000000000
    1	    1	   33	0000000000000000000000000000000000000000000000000000000000000000000000000000000000000000000000000000000000000000000000000000000000000000000000000000000000000000000000000000000000000000000000000000000000000000000000000000000000000000000000000000000000000000
    1	    1	   33	dadce738ee78e14bd89bdd09e4e7dadfd4d6deb9e8c9e008e093e237dd9be3b6db88ef62d80bec28db3be41ae085df06e201eba6e5f7d57bdfeacd92d40ae752ef44dcece764ed3bf063e371e6750079f79cf337da6bea76e38be3cfdc13e3f2db8edfccefddf92ed803e648f829efd2ef4ff054e9ade74bd62af494ea04f340
    1	    1	   33	21581e8208801cc316d316770bc318d32f0618230c7d20861111175515811d3a12f60c061b0f1da6210b198814dd22741c0d081c16eb18b1122412b003c01928254c1d54190c216d1f151ff130391b3d24001f991a851e122753202923d9150a0f201c3417c31a8218b916f21bc31a42161d163c1ccb290d1a581d8a24781d44
    1	    1	   33	e2def41cf5c4f2a7ec31e429fa7fea81cf7edb23ef75eed6ee0de993ea61ee9a00eaec5cf5afe2a4eb61f11ee6f3f56af0a7e480f051fc3bf25ae5ccfa26edc203b608fa15fc06e1f77d0a91fddb0b370beaf449f6a501e8f63b08610303104effc0083c0c9f090c070123260d550d6c15f30f1409650293f9fe0bae192013a0
    1	    1	   33	f0fee466f1b8ec5def1df419fb0df031e220e965e32dde140201ebb5f143e38ee8aee4dcf8c7ea7ad6f1e3c4f18def7aedb7e8d8f8e9f30be012fe5af5e8e06cf360eb240474f02df34bded5ebadea87056cf3d7fa85f56cec5f0d3f054dfd12fa1ce8dee589ec460161041af599f5b8fa7f0510f811f5f7ffcaefe8e330fb82
    1	    1	   33	f2cefc32e756f677ee69ec89d7a9e09ffb94f607f29bf27ce79ff1e5edc3f42ae0d4e708f94bf1d8f44fe90ed40bf2f6eb1bf1da08850723e096dbf6ebeaed3401200dfcfafafae1e9b9f74ff3810839061e031b03491118f37f13030343011cfc34f16c00eb052813abf58801b1f6620e770a82f1cf00b7eebcf9eeff4cfea8
    1	    1	   33	1e8c05de113029b50f9313a9175f245911520c5311850794191d1d1f19b72318093a0f9a19071d5a118914800d2b16ee0fcb0786258f146d0fd616e61f04130c0c060aa0193415311c6707110a8f0c390e800d1304a51d3c0e651d871c19096a112006641135108417f31c9617bf24ea14f7004a24d30d951102116a111a0ba6
    1	    1	   33	fb3cfd58fc7eef51e7cbf023f23302d1ef94efabfa69f716f0f7ea45f1b70056f808f958f817fb1cec95f41efdb5fc98f0afeeb4e1e3f0f100e4e93af478ef640ede06e20d98f45f06c1101512e30445062401b702791032021b069d08b50d560876ffe4f8810bd80371f73202d3ff4af26d0a1af957fa8502880802e90efbc2
    1	    1	   33	fb76f620058a069308c70b430cdd09b109c218eb07ab072a128b15fb144d0ed4047c13740699ffc0f95701ea07adfafcf587020e05e1fdd70054010afe20fb02fe5c09e41678f899149b10e30b71f91ded9e01d901bf0ee8fc27055dfee100fef58200e403fb14c4f4730692097b0d300bf7089602170997fadcf93603d41276
    1	    1	   33	125c11c00f2a195d30d901df122717cb196820551cbb1c2411c50e8f18e7158c06a00f921fe10d80135111a01fd1203e16d5315e10b9214f206a1e3812d6156c14ac11bc0fbc06e9020f085904dd0bd109d213210ad5027003cd0b750cd10458186a1490fef90c8afe67082818550e040655fef80a0d04f30a2a07c0042a0866
    1	    1	   33	0b761d901a601cdd239d14d31d6b0d190d6816ad1c990e92268d181502bf1206148016da0c4b2230207317f00f4d133c26a7fe4a0eeffeef15d625e61272251cf4b2fcd6132002830549fbcb001103b103d618a9017d052602a30457089dfde8031807f405950760fea10728f4d702eef8c5fe66055f0919055cf962f6a00b06
    1	    1	   33	03ea0740ff4c0381025317d7fa5309490c3802b9082bff480efbfa49001ff740054c103e01effdf2f523fbb8fecfff44f94701b0f6e1ec93fe7aff40fcce029c03eaf6c8f6cc1ce5f4fb13ff0629fa690ae00f33f76509fc088f04bd0dafff02fb9e0acc124f13d8052906600729072607cf05e60fe50aab07580f1cfc641360
    1	    1	   33	067c007cf8fcf893f7efed35f9adfd77eb12fce10015e84ef69bf98df679fe94fcbcfe360247dfd80a9bef7ee985fd460561e346e84f05b7e1dce8a01146fffe115a1fa217bc1c650f470dd10fcd077111d60be9083b219c0fc714fb058b16fc24e617aa0de10c4c10150df41db505442ab10c2c182515eb124e12a20b022b3c
    1	    1	   33	1722263833a0331928a73ccd2c7126db249c2937140325d62c6f2173151135642b5e2e4a3d0732f625a924fc2b4d1bfc1c6129fc2955224726e0210c2ed62d6004ca0cea0ab40b4d0a8304431d950d77fe4c06c7feb70c5a10ed109b0a731c1008be19fe07df19c80517106a104707be15e3fd7a03bd0c3717420e52160e09b6
    1	    1	   33	e664e22cec40f387dff3ed55eaa3e8c1e17afd85eb8de456ef63dfb9ebb3e1b6e84af0e2e3ebe976d18ff3b2d4b5ef38dd1ddf98f631f235eeb8e9d6093ae3b2ec40efd4f3c202e1ef45fb350617f301fe4cecd3fa3bf494eacff651f005f1a6f82ce590fe6de92001fdfd6ef809fb1eebb9f68af2c5ff7f067cf82c126eef42
    1	    1	   33	0b36fda0f40c0cfb14d5fb9ffbe90677f694eed1f779f942fbab037b00bffdee01080ea0fbf5fe12f355e966ef1100d0fc85e72a077feb4dfe0aea7a02b200f0ec52f520fe3ef29beeb1f20be02bf74ff792e2b506a30174ef9de813effdfad6fa0cfd5aeee3f690fc23f1b8053ffd86f267ed9ef457ec3de648f81cf178f89e
    1	    1	   33	0bac16da1204fd35fa3ffd9706edfc41fe84f5c10d33f8f41015f24b0f190d4205d0066af30525740c6d05461275fe2e09450c34f6170cf909e2025c111e12061e4612141b961a9714191937221b1ceb1dcc071f188d325e0cab0d7b0dd71cea1c9e1c602a37125417b90fc817db13f801650a6c11191f3310fa13241f2c1842
    1	    1	   33	0000000000000000000000000000000000000000000000000000000000000000000000000000000000000000000000000000000000000000000000000000000000000000000000000000000000000000000000000000000000000000000000000000000000000000000000000000000000000000000000000000000000000000
    1	    1	   65	0000000000000000000000000000000000000000000000000000000000000000000000000000000000000000000000000000000000000000000000000000000000000000000000000000000000000000000000000000000000000000000000000000000000000000000000000000000000000000000000000000000000000000
    1	    1	   65	e1f0e8f9de20d9a0e218d044d197e338c82ae3f1df1cd7edeceacedde742e2e3e333d492e16ee019d623d164de3cdb9cdf9dea16d487d39edceced4dcd05e84aef88ea99df42ec2ceecee4c4e867e414dc1ce80bec28ea85e568ed47ed12e651dde5f310ee1aedc3f23be29ce586e554e5f7e936e67dea5ae538fbc3efadebfe
    1	    1	   65	254a0f4518360b440ce40f82025719500a5e239d0f561d15102205e3156c1ca1130f1b0811c6240107f91880194405e41929151c227d04fa181a01d7092710600eb20dd11a541c8e1b2c2e6e0ff513de1f42352517502691163c15f1207224b9274125d41c9411611a5b22422d9a1a1c165515e61d4720061a7015511b471ea6
    1	    1	   65	e7e4d8b1f54a05def724f37ee9c1efeee318ec39f414f2c5efb2eff3eeb4f015f637feb602a4e8a5e23d019ee9dae89ce517e5b6ebc9dbb2e6b2f8e7f041e71c0642082d0dd80b22072a0e5810bb17a817c8fb55100c0701023813bd01dcfccdfa43f824082002d313a5069a12fc1a5e00d710c0142f0a3e078c04b1f5a3fade
    1	    1	   65	e3eae54fe970f84aea22eff6e00ffa3ee504e701e0b4fa8ff432ef45ed16e6cfe4a9f6d8ef00f8f9f103f2c6f17eeaa4e5b7e67af0d9eaf6e92ef3b1f6a1e9fa023c04f5f6bc05b2e53e0250f1f70280f424f5cdf6b4f871097efd9bf6bae8cbf26fec6af7e4034dff2d064af274042cea85f10aff5d0060f48af4cbefc3f99e
    1	    1	   65	f97aeb9bf246fa88fe58ec3e01bbf3c2fd7cf351eafee651f37ce7a1ef4ced93eeddf01aee52f341e461f2d8f68af48ae4cdf5aaf4d9e946ef96f1cbecbb00a4095ef96105c6072cff5000eef4e10a70eb30fed50828e9dd0344fa230f54012709e50b3e042c0d7bf05308a8fd4c04b2fe5ff088fde7fb86fdda1351f8cbf99e
    1	    1	   65	0a660d451d621106118410960b410cec101015e70c36249114ee0907fa520c5b23fb15d01fd4156512f7123c2828064e0c7525e8219711c022760cab25a50b861890111d20480576196013420edd1e0208c00e9319a80b8714a00df50e660b7f0b39184e1870fdf9154b19300c481f4c115518de109918441ad60d2d1aa50b7c
    1	    1	   65	f784f4e7fc480eca0216ec900289fa12f4140495f090edbdf59ef113ec48ec99f0b5fc42f582f145f3f7f50af12cfd0ce4ddfdc8f3adf67ae984f15fee99fbe60408f83f08aa04c001c00e84060b064eff0a1459f9e00f9310c4ff6d06ec15f3fd1b0ff4fb8af07b1bc1fe240f020e240b9d036c007dfc86063c05a10ce1fe98
    1	    1	   65	00ba071bf8ee1384faec0d6e04470230f76a0341124a040bfc5e075b158209170309094c15060645f379fa8c0cd6f80e025706be059706b6fc26ff3b09230f6efeccffbff98607eef44a1c5c07e5050a0a8ef3230f340671090c140700d404e3067f0a96f8521569ff9d0a000d1605f2040f07720e9b00f20d40150b061d05b0
    1	    1	   65	0b900fa7227c0686153e18de0f190d9a0a8e1ca916a40f09067a10b50e1afb2d05f90e04173819a928e1084c22f40c541e05180a112908e815561e3f09df0f50feb800ad047e140e16a4065afe3b03380a9cfa790fd001df27e0fd1312362583ff8b04be15fa0c1110410858fb4af6b0081b053a095305ec0fd41b870b09061a
    1	    1	   65	11900e2d2384068e0096212c0ee9156a1f2a139f1214108b17241e6925a60ba522350eb62330187b14c919a023a60c18242b097425c308a2110808311a7b0e3a093e004505acfa3e0a3002340811ff5a04da0713fee802210164069f03c80b7702690a9a021808d3f89d0728121e039a0c250a280873124afd8e0793fe2dfb46
    1	    1	   65	12d60c23fd98fb50039401f0f931fdf40afcfff102f20123006afaf10496017f07c5f432f6d8fdf30715065a0350e9f2f7450112f61befcc000604f1feed0c2a0be0f6dffe60fcb2040a0b5c08c30dea0a42061bf7f402fdfdc40323fb52feb3faddfff0faacfd53fd71029c01ec07a2f78ffe28ee0b17b6fb1efb05123b0944
    1	    1	   65	f400ec6f0312f5000928ed32ff09fe1af7c4fe45f092e1bdf0e8f219ede4f8adec7bf246040ef88d002bf5eaf718f264fba1dc9ef005f4d8f26af0b1ee61f3201a061d8f0dc413c00eaa10ce133120d82bfe1003140808231e6e0f4517ac121d0b57161a1c3e01991be50aa01bee0ce4104316d415f30a1afb3cfa3513830f78
    1	    1	   65	32ee1dd528f625662dcc36681bad272c1ecc2d830dc22fbb205a259b22182f172b7d267e12de27c321a132f2233c34dc2ef91d0423af25482e8223a92a6d35640282041fff2603aa0e32010016dd0ec20ed8068d1508158703c20bcf090400cd0f83107806c0093105851038f4bcf71807db01761f010bf816fa07c917a908e4
    1	    1	   65	e31ae1f1fc1ae996d48ae55ef299f26aea8e051bdd6ef691e476e7d5ecccea4de719e8c8ed40001bf6d5f664fcd2e7b2ee2bf49c07bbedeeda2ef743f8bfdc88f794eed1039c02e2ff12ed78e70d00d4f266fc95efccfdd1f8ccdfbbfe80f3f5ec5df002031af869f955e6daf4f2fb36fcc702b6fb31ed78eb40f199f79bf6c4
    1	    1	   65	055cfb1307e4f0c0f954fbeef815ff96f08ef6bd0690ee7ff3d0f4ddf2b8ee2f00bdfe380db8f62b047f05c4fc460120ff4f07aef7b1f9e8ee58fac900b30802f00cf855f5680176f8e6ec70f51ff016edc8f9fdf458f7450168eb81e1fcf1f7eac50010ef7ae6d5e867f14cf6ece700fa67f57ced7d00b6f4ecfd4de82df99a
    1	    1	   65	fa0cf719f6700116f706fb0605bffe94149e04b308c80d6b0e300d0b0f38ffbd03a5f39e10f60ed7f709f52207a202a402cbfd940e5f0e88f840fe1313430ab8183e15930b3e0c442088214a0f2d13f0118e16c7193c0b3f08361c5b17800fdb2663205217e413bb08d50478211e1dea11711d0c1e231f7c2678180b1f611798
    1	    1	   65	0000000000000000000000000000000000000000000000000000000000000000000000000000000000000000000000000000000000000000000000000000000000000000000000000000000000000000000000000000000000000000000000000000000000000000000000000000000000000000000000000000000000000000
    1	    1	   97	0000000000000000000000000000000000000000000000000000000000000000000000000000000000000000000000000000000000000000000000000000000000000000000000000000000000000000000000000000000000000000000000000000000000000000000000000000000000000000000000000000000000000000
    1	    1	   97	d99bd451eb21e402fb47c628e5bddf8fdefade83d5c6d208cde6ea37cfdbf1e3f50de38fdfecda48e22ed4b6ebe9e146f650d84ad159d087d8f4dfafe0abe773ef5df413e0b1dab4ef7fdb3ad135fdc7ea46f71fe188f01ce36cec3fd3fd0189e5b3ee0de27ad6a2f48cece8ea2fef32e942e708f111df85f68cf603e803dea7
    1	    1	   97	15a72ac72b4dfe3e09b10cf61d311fdf1ea60e5317580bd41ab01fc111c113431d53107512bc14d410b20cee0edb22ecff4e138c0d190ff90f36129f0fa71aa50c7f24c10983167c16bd21561cb10c0719d816ef128016821db403251aa713d708d123ed21b01f5a25cc1d4a2f2111681d3e287a26d9166d247e29bd2ae72813
    1	    1	   97	e1c1f49df21fee72d13de3a6f217d933dbfafde9e8b6e854e382dc59f90befe5e703e81df4a4e9b4dbc2e6d6e083fba4e07ced8cfa39ea5deef4e255f581e09b0cad0eeb07ab05a004030d68040f0dc11068f5fffff40bc003e0047b173f04850981fcef0db20784207807ae08e3ffac10aa1bf20bdd0dc9f146002b035b1351
    1	    1	   97	efabe6e9e5f5e2caef97d87ee72de6f9ee5ae6f3e3f0f178db7ce9bdf3a5e981ec73e47bf79adc18ee66e784e8b1ed5aec4ef056cbeff773eb18ea37d875e645012bf9a5e803faeaf961f69ceb75ec93017608b3f50afbb4f77af7370c27e161fb0bedcffd86f16ef94cf470f78df74eef7205caf707f8e5ffc6fd1dedd9fe99
    1	    1	   97	fdddf973e245ebcada03ff2cf89dee63e7e2f757ec7ceb64f394f2fbf2aff035f5d9e677f072f512f344007cf245d866ea60fe96f4cfe67fe3e6ed13ea49f1bbf8e3f8fb0283048e011b07b00a7106f9f896edf90684feb6fe7af0311097feb9f2750555fc16f4d814a2f03e0101fbf8f638fd4a12d3eb4dfdaefc25fbfb01e9
    1	    1	   97	10c3168d1d3d1538136b03c6163529851a5817e711a61cae232419db0f4b1ec1106d137310b81ce8081419aa1cad0b021c4806d014f5141117581373071321dd17530f11159b16ba0f3710ac13030911090c08f112921c8810a4114f121b12f1189707351accf75609da1c5020830a3407b212fc15950df1f14a0f1504770b63
    1	    1	   97	ec19f0f7ed11f866ed09f456f3fdfd9bff1802a3f2a8ead6f7e2f013f985e2fbf373fcd3fa4ef850e9c0f13aee7dfeeafcaafba0f8bbe0b7f6d4eea7e3310a0f0711ffbbfce305480fb508360ee125c710ca078bfe0cf9e4003c02d1e27b052f046d01bd04e20b9412e81ef0068dfe0af88c1264f691011503d6061d04a507c3
    1	    1	   97	05fd102d1d53042a06210efaf35908b509ee11a90c26fd5affda0bb5fde906e907a5fb8517cc0df4095007d20c67ff0c0d46150af201071708f0093b011507470d7304bb0a97065efa090c10f7f307e509e210470916ffa005e2129706cd11830abf1335f7ea05b407080ab215bb0b961d5efdd8f8f10a4f051807070b370f6d
    1	    1	   97	0ced098b13d9167e153f0f9816070cf1144a11c10cee169409ee0fff11ed31ff20e90b0f2520175401301462182321a225e6251a19ab121ffe0a0781216311a7151710ed1fc50a0affa5f78c0fc50e7bf8b2fca5054c085407e40ca71023053f0ca5fb810cd40f2609a4f83a0c79f5701cae038e128f093707680e330ca7f471
    1	    1	   97	0e330da90a8d120408710ea8073907a92368050d25fa0d3c1874166d09171bb910531a4d153215760d8a1d8e1b99ff8e1f94162e28251d5319e20df1149515d31a250e7bfae700c003abfc860c5dfbc902fcfc851600055affe80cb3048d048d127bff19fa7802fc0cbefa520ca3fdd603780726023d076bff56056f0f1709b9
    1	    1	   97	0bdbf4abfaad0376f37704860a3f02ddf6b40427f418f8941128f517f64d055900e50995172a0becfefc0f760225fb9a00500a2209d1086304cef9ad1005030b04210baff953038005bbfc66ff59002106c6f60ffec6f12a1122fb7d0891f4effc9dff7dfb660680f80606a60995f7620bf60b400735f889f60a03abf0c90633
    1	    1	   97	f8fbe6770107071cfb29ef42ee8df231f0a6fc5be914e72af0bcffa3f599f543ec99eeb3f360e9b0f1cce864f4efe2c4f008ebf2f91bf5e7fc3af507f06df8c51c4f1f6d0781102a19e302600a3b0e3f262e10c50c3821361f1a13dd0fdd172d025b1677207c0e3a1c6218d0137b0e7a00d813661f491437072801d310370dc3
    1	    1	   97	205516991e9326c4073f28d82e27164f2a1437032608368618ee22292349171125d1181d22bc273a123a206e32e328883a562cf0266d20372be41a5f276534cd0bcf01590f5f0d2a0b6d046c03ab0e8d067e1a4dfe5004d800b40dc1007d0bc3fbe7010924201b640b22fd8408f9fd6e09100cb0086b1945196a1423142706d9
    1	    1	   97	f3a5eae5f333eb4ae887f216e1ebf69bed4cede5e34eeab0f24cdefff293f9c5ee69f535f210f22cfe18e1e0ee0bec28dfe6f2e2ede3ec23ef2ef773dd31f675fd13eb8d03c9fa20fcbdfae8f663efc3fbe8f50bf6bcf2b4f1fcfb8f0f8be4e70485ed8ff9b8f6f2f644ec88efaf0326ec4c025cf35bf525f0b8fd59f8510465
    1	    1	   97	fda500f1ecb1f49aede1f35afd570125e8d8f28bf9f6ffc404d0023dfd03ff6ff6191483fa9ef4ba022affb4ec41ff12eda208b0ebc301e1ee4ce7bff771fe65f821ed4befb102920785fae206fde57ff9f4fa93f65a0994f530f787ed63fc55ebc7f68fdde0fb54f73eefe6f22fe8eaf7f2f9dcfe2ffafdf24cf661000de7e7
    1	    1	   97	0e7711150a4b0ed4f9aff78af79117c1fb4008e11098f06a0cf0017b0ba10b450535fcfffe300584029afd300e5702ecfe20ff0c04dd0d35fbd80319017b0e772761160b17a3140616e51442028520bd194618a512d622f21cfa13eb32d71db9152717b50afe07ac17722f70fddd24001f961ac40a95049f08982d751f0d233f
    1	    1	   97	0000000000000000000000000000000000000000000000000000000000000000000000000000000000000000000000000000000000000000000000000000000000000000000000000000000000000000000000000000000000000000000000000000000000000000000000000000000000000000000000000000000000000000
    1	    4	    1	0000000000000000000000000000000000000000000000000000000000000000000000000000000000000000000000000000000000000000000000000000000000000000000000000000000000000000000000000000000000000000000000000000000000000000000000000000000000000000000000000000000000000000
    1	    4	    1	e8f6f5a8d307da69db32e965ee99e59ceae4f05acbe0d13fd92edf2ef08deddded9ddcdaeba2dd85d8b7e681e758e5c9e7b0dc64d722d80fd0bcd83fddfce1f3d92ef478e4d9f7a9ebb0f941de51f09eecf0eccae78efd3df832e4f80747f153e511ee08ea52ef2fe397e627eb42ef6be95ae8def6fcf43df1ded347f0e8ff31
    1	    4	    1	197e15241c5921e30850111f16771eb41eb21a441c621d491a6418dc2135096701a50aba15e8114107150be114b41c1b08c62a9a2abc20790ce620e3226019ff27320c701f7516ad1eb41dad267f0de81d321960069a1a230ff01a8e275b0cfb17a30c261f0a219d2dcf2af31f3226a91a3620cc1a6e1eaf240832a512d40fa1
    1	    4	    1	e9f8eb26efedecdff540e961e785ecbce6f4e6a0d9c2e70dedaaf594f1b1f4a7ef63f264f142fb2feecb02d1fae8e9dde75add6ef53cf60fecd2f5dff84cf8930d920e1a0c7707f7fdd0126d01f903ea119609eeffa40835055a01ba01ff069f101f0d880624158507ad0eb5f7c4f8b90424000c124c114b01a40cbd034e08e5
    1	    4	    1	e03ce744e245f2c7e748ed3bf67bf2c4e858e51adb0ee5d3e964ef86f2f3ead5e1c5ec14e386ebf7de3fe913e3e6e421eb0cf218d84cfa4bf5a0f9d7ee1cfb3706e8f26afac3ed39eda0feddf93ff91eeaa6042ee8c4f199ed68fc02e8a5f345f8a3f10a01c0026fe897f1e301dcf305ef8ef68ee8bcfcc3f3aaf0c5e63ef521
    1	    4	    1	e5fce960f4a1f299f7080015edfbea20f3c0f2d4f856f25deca4f1cced31ecc3f4b1ef76decef177eaaff765ebd6f7c7f4a8e366eb5eed29e690f96bf154fcdd0a0611cefe5512abf854050b032bf586086005caf7bc00c7fdf605de0629eeb9020105320616f18ffd07f79b03320b7b0224013e0650f52df7d6fab3f582ff75
    1	    4	    1	1a8e1b0c0f850c051eb8253f0eef0344113612e612ae1b111c7e16841dd1119322911d1e109a169d10fb1039182a09ff10200e122322203510d01361135410871f7a15ea1693059dfe4c1fad0e8314da1d2012960fbc199d10861c58139319670c45087c19dc19db13e103d3129a10af0d7c096e09260af9147c15790b1a0327
    1	    4	    1	ec5eec04e607fd1ff360eac7f9d7e5040460e4def4c2fac9f67a0aeaf4b7dd6d03f1f592e02cf213f6bb063df702f229f774ecd2f084f0d5ec3ef3a5034e00cfff2c14da07a9141ff99cfd811331162afede114608ac09391082fd22fcf7fc19fa390728080a062b059d01b9146206e1fb22008ef58af9e109c2fd9bfa94fbfd
    1	    4	    1	00da040ef88deef90fc8151507a9043c081e06f00a7215c7fa1e00e6fddd0d3b1091fec20428050b148d17c1fb14ff2ff7ce0c70025e0109f7b60def05e611c70dc400ec01290cc50736fe03fefd139afd2405f6fbd41c71086e07500ecdeda501350e92163e0d0f0b5d0a21fc1007fbf4e601a2073e0775077cf0ff1376fcf1
    1	    4	    1	18a61a161511111d202210b716c5177e11be15f421741b2b045608440fc31a251bf70ef613b2077313c509791dea0bcf18c811c61a2c04c3091619390dd20e31f96a068211f10a0b0eba0c7b0fb50afe04e4f40c04bc0dc1fc8004baf55f0d61fed706fe13d60d31138102251bca09371bf61948fdee09050ffaf9470a0a0ad5
    1	    4	    1	11f4176c1e1325ed0666212714891e38fe5a10ba1fc01d131a0816da12fb059108030f741a8011c71537186306901675031a10460aa814131c4c13e117720811fd7e03cc0093f6b100121b090d330964fdc40e740df4089b05160fce011f0b5def7ff83a06e4058df58bf7dbfe38fe8b0ae80e10fca0f6bbfeb4f9c9f7a20329
    1	    4	    1	f41af7c4f6a90837017806a90c77f37a036a06061078fb3105b8070a0475f2b7f203e51e0616f769084b0947f4f0076d05ecfaa41f6003f9f564ffeff5d0eae31cb000b60a7303f306d2f11114c7fd6c0eea010af3d0fe9906a013500d4f02290039fd4c0c90ebf30da30ba70652f7e5f8da0be6f1040f3b0734ffe102fe0fa7
    1	    4	    1	f41ceffaf4e9ff97fc1c0717e87bee5cea02f0cc0430fa63f6f0ea20ef4ffb950647d9a0f0660b870219eca1fad2efedf1e8f390f88cf691e82eee0dfd640b0d13141e9a0c971c191a5e0ea3113119ee090e141613622afd1b88179204a521571dc31e6614140be1101d17a722b625b3199a2d220ada0af314040ad70b7a0e41
    1	    4	    1	20ba31e223ef1b6d37002b351e4f2e1420ce264e3b2616b51e9e2868349b3045244330f01e221e1b27071c811e6e220727f01b102156123f196c235b1b64fc330ad210d415ff01c9128404550c770dac1392019804a61b0d02ce142a0b170e75015712d8105409f708410341191ef76d041a16040700fd6f1358061b174c0c89
    1	    4	    1	edf6ec8ce74fec1ffc92de5bf653e140e8deefc8f2a6d6b9ed30f7cee967eb15e3bdec56de1ef307f4dff5b5fd24eae9ed08ef6ef6eae5d3ec82f1e1f8a6fca5ec80e33aff9dedc3ef04f29fec07f740f066e8a0006efa47f49af1ccf411f845ea8ff3f8ef44e1c9fd110a0d05f2f6d1f60cf9faf71efcd5f4def1871166fa9d
    1	    4	    1	f146dcccf03f1719f6e8e317033df996f02cf7fa038a07c9f33aea5cf15301b70011f3d005bc0117e7570299fb8603930bb401600900ebc703dafa6902f8f017fb04f328f599f727042ceef9e791f980f7d8f5f2f25ee75bea12f2e6e4b7f961dfdbe2d0f932fb6dfd2dfd33fd2af68df750edb6f7b206d9f5cef241ecce0097
    1	    4	    1	fbc4fc92070dfc83ffe0f66dfaa9fa9a08f8fec2fc8a00b517a60288fc8707fbf339168406a41bcf12b10f55151afded0a1c02360cf4f35d19b805130a7cf6ab1e2a112c15a123e528b6268910f315680e0c12620f6a141d1f1a162c21ff1d65325d1a0415981d132bab1e6d175422a3106c1e1811e61dcd15981adb1dac0f2b
    1	    4	    1	0000000000000000000000000000000000000000000000000000000000000000000000000000000000000000000000000000000000000000000000000000000000000000000000000000000000000000000000000000000000000000000000000000000000000000000000000000000000000000000000000000000000000000
    1	    4	   33	0000000000000000000000000000000000000000000000000000000000000000000000000000000000000000000000000000000000000000000000000000000000000000000000000000000000000000000000000000000000000000000000000000000000000000000000000000000000000000000000000000000000000000
    1	    4	   33	cedacc07df46df8acda7dc99d212c1e2e36cdad5e4b5cdb1e6f4e692e6e6da41ddcde39fed5add4fd62cde85d6b7e71be375e9b6d21fd790eb16d512e499d8b9f074f1e5f180f8fee08def67f93efb0ee5a6ec97e81bfa7beac8df3ee7e8e6f1f015ea79f5fce511efc4e42bf783db2fede3d98ce7fbd61aeb98ebe8f64fe09d
    1	    4	   33	1aba173b121e03141763103319b205f41288fd9d16091fe3139014820c7a165b1a4f154b05da13d12fdc029b0d77124b0cdb182412db113006720f6a24610eb322e017bb212a1438174125b118e60ac2299827b5110d0f0d2c5c28dc1b2a1cd31b8507bd33dc2a1b07f80def15ff1cdf20c5160e118b18fa15282b3e1e0b242f
    1	    4	   33	ee1af785e65ceee8fc4fedf5e858eccef488efdff909f2930184f4baf4b4f191e3e9e749eecaed4fde04f2fdeec5ed6fe1a7f08eec4def54ea280986e677ec650aa2fdcbf99a012419c315ab102c1a0c085c078709cb0c470d780c74ff4efb71084905971384fb11ff6e1a63118d0a370bb70c7c1d2b0558049c010a0a8d0a79
    1	    4	   33	de5cf90bdecce612e291ed55e8bee066f58ce713eb21db45e0f0ef74ea92e9eb02b7e1d3ecc8ddc3ed2ef631f88be005e369f2c4ea61e0e4e1feea16eecdf1cd0b40e08bfad0fc50f22ff88bdd68fd66f20afc3102190547f0c80fd0f15802cffc6ff639fabc0ba3f3c4fb31fc85efdfee1df0a2002301cefab2fa561219008b
    1	    4	   33	ebacf4cff97ef430f117f403f15eeb1aeac2f0cde719e7a3ffdaefbef5f8ebfdfb09f8e7de86f203ff76ee35e5b5d6efea9ff938f39fedb2f50eee1afe0dea0bfc58f46f1414f844f993f1a5fea2fd6cf400fd150361ece3faaaf12e01c2f94704a90255ecc00c2d06260719ed55f42b02a3fc14fdc705480c22037e03d9f9f7
    1	    4	   33	19bc1c83204824980bb1ef8315fc107a10ba100505bf0fff176e081810f022f1056724bb0e36145f2e981b3b1c931fef12551b9015832f0c218c0de41ae10bc302c01cf319aa0ece04531081f5500140092a1d4d130b13550a9c178220a60d6b024916a91aa627970e28163d0c5308231ad5208e18430a4e179604fc1d1d053d
    1	    4	   33	eb4cf0abf30203320e4df8290fd8f512f09aec25f71bf717fd6cf9a0e942f647fe5303cbf3b2f04703e8ef8ff20de7a7f025f638eaeff362fa84ea94f525ed6f0860ffbd10ea11b001b70389079c12d401b4016beaf30d1ffe340be0fe3a0c6b0199163f03f60a670db80fc102450509075319d60d73fd0800acfbc4fb3b02bb
    1	    4	   33	095a026f1902ee10fed106951468fee2f8ce067512c503adfcd40b8402a804190b57056b08660bf308e40c3dff230329f4fb10c4011bfafe1ddc002805410a65f58afdfd0804ff1a061fff0bfec00d40fb02f5551411f159fcfef61200ce0dfb060ff1810a00f7f30866004112af1c09f6570794086108c612d81214f7eff54d
    1	    4	   33	0e20153d0a281ea612f1168b156814a61f6e10850c27123508620faa0aa017e1076b17630e241de1007e0edd1461210b0ca514fc1d45178217a8126e058d1cb1009611f3080e0b4a043f0b450d861124efa611e91bb1fb2d1680081c1cc2090712fdf413fa96fd1b05fc0e550837ffff0421fa2811fb086e0862050a0521104f
    1	    4	   33	0cfa095b0d54055e19c71bb506a21d7a09381dbf117f109f20ea1614113806ad11e7040f1d6018eb093a201b0e651a9d1b171bf60a5f1b1a0e2214660fef09ff0df60ee9157c1064066302a30a500ad8055a04990c0d0e85feec0c7c063615b7fcabfea705c200b100620f5d1035045f1063fb7c1c9114de08d816401253091d
    1	    4	   33	05b4fa23067c1522ef7105cb04440590f0560207120feb7d0d58fc10fac0fc13f71301a5f918f767fdecfe6b02c1ecfffbe7fdf8f25504120234fc4af76d008516b60911070e048cfdf305ed037a031c0f94f98b074d00f3fafcf98e08e00c6bf42901590124096906b806c7f82b0a1dfa7105e203ef063cfb5800c60589fcc3
    1	    4	   33	f71cfff5f5c6e324fb71e575eebef850f1e4ede704f1f5eb1130ed7ef18aefb5faf3eb27e90af3dfef72059df477e6d9e4ebf7fefb7dfbccf5de02f4f59df62b195c20990d9205ac2a6d181714881ff61f1a1fd7096f0b0d16161d1c13340efd1aed165709620f791dc60cdd089110711ec91f3208ef0ad60b501f540e9316d5
    1	    4	   33	11b018152a4422ba2b1b34232ac027d41f5832352073233f241a3556275e210f2745358337b6244335c4201724f51ea526ab284c27d1222c2e143ac8255526b3fada16b3ffae17aa15dd0f2bf3bcfe640712ff8b09b50747179207c60fa40d3d08470bdf20ee0e950732f87d00d31b211b5f07cc0435f0f60162feccf3291021
    1	    4	   33	fdfceb69f572f608e215f07de58ef9e2ee9ae57be9d5edddf29edce4ec6efc43f60fe937ea1cef7df168de83dbc1f98fed61f0c0ec27e012e088fb04e75bef49eb06083bfc84f592ef13f7f7f4e6f3ccfb90fcdd09ddf7aff92cf01af37ef907f815f95dec5aed69e47800ede8d3f1c7f679f8b6f935f932e1b20b18ef87feef
    1	    4	   33	0c14f803ffacf36c04f1ef47ff60f3540342e3cbf91ff8cdf7f4f0c4f1b8fef10913f67bea8806eb02d8f2e70a6ff28f04eb039ee1dd01aef624077cfabf08fff7d2f06bfb3af014fe8ffe47f3b0f8c0f5f2ef97ed33f1f9e99cf7e8ec2af553efc9f891f52cf359f444e5cdf475f72df08ff722ec97ebf8f336092efb2ff5cb
    1	    4	   33	fe28fd7d0fb80b9411c713850a660d76fde20e99f15bfd8b11b60f0e0a7e0e07069f041b06ba0db10ea21861f5ed02930b1903380093f9a40b44043e0beffd99136210470d421ace20a5161f161e04b00e000b9313eb081f17fa135a0aba108711bb1c932b4410eb16d81d8f19c323ff23192aa81d8f26ec23d009e0197f1eb3
    1	    4	   33	0000000000000000000000000000000000000000000000000000000000000000000000000000000000000000000000000000000000000000000000000000000000000000000000000000000000000000000000000000000000000000000000000000000000000000000000000000000000000000000000000000000000000000
    1	    4	   65	0000000000000000000000000000000000000000000000000000000000000000000000000000000000000000000000000000000000000000000000000000000000000000000000000000000000000000000000000000000000000000000000000000000000000000000000000000000000000000000000000000000000000000
    1	    4	   65	df04ead3ee60f3beda64e0c5e180dbdeeacbddc2d53de945e935d281dbcae775ccf5de49e9a7e66ace73d74bd4fbd537ec53c60dd650e010de45e655ebe7e017ee0eefefea5cf030eb46e957edbef2f2f0b7e20ef5fdf67ddedfee57f520e50bf5f9eb3dfb1df1eeecf1e74de217f943fa23e8d5dd94f0a8f8abeecbfc0bf2f9
    1	    4	   65	167413130a581ffc1182114316101c46143d147213db0c091df7080110b80f2727a91cb31b4b018e13191079170b0fa9036d1ea91e321138061b0849128313f31388168316e20f3a144427eb227227de1ec117460bf330e71a571d1323ee15011d2527f920651d8621b11fa91eb50e5b2da924d9193a230c07e515c514e91ea5
    1	    4	   65	f344f041fa6cf21ef3def3aff614e560ecedf276ef93ead9e1d5d91dedb6f2c3e91ffb71d88bf682e4a3fe5bf553f759fadff369e682fac8e695eb19e38fe881ff64eafd1500053cfd3afecb0c0effaef621016600cde7450a730411fe64082f114f0a0d0c5f0ef6ff4f13a3f2ff0a030de307e9f4980ffe092ff0e108210d39
    1	    4	   65	ec8aec9fef48f7dcdee6f155da4ef1dce1b3fa22f1b7e27de935dee5d672f3b7e1d1ebe3e667cd02eb9ff01fe2bdebf5f80bf13bee32e6b4e907dd67e129dd55fd86e975f02eef54f1d0f171f62a003cf143e418dfa7fa57fe1df683f796f357efbdf82fee73f334ea0f01cfee6dfe95fabbfc7ff2c8ee66e5c1eba9073fff17
    1	    4	   65	ed9aec49f1a0ee9ef9daf695e608f454e499eb64febdfda7f435ea53f50ced17eb9bedbdf2d9f75eef83f1b5e763f1ed072ff1b5ef60e280f57fe50bf799e43307460181ebecfbe8f53608d7fb300396ed47f442ff570453f5abfed7fd5ced3700570041fcf1f29a06bb0d6b02150643facd0a7bfb84122cfa63f35dfa4d0a79
    1	    4	   65	150811a50c2c1c8a11ec0ca912661a1a1fe7207c0a2311810baf029319941961fde527b70b3d20281b9d05cf20db11df10ad0e0318220b4814a5296719431a8b0b34042717dc227c21280e0919da07381c8d14c01aa9084318b5165b0b6a2e8d104f1365245f1b6a1e07119f047b0fc918f3ff8111061c6e0b1912c713830d31
    1	    4	   65	fddeefd9efdef2c2f19af8a1017eff7af6cfea0aec0fdf1bf2a300d9f98aee0ff7a3ee03f0870182e3f3ed93f131fd45e8ffee95f34cf2c6f711f36ff37df1b5ff4cfa15fa36167cfdaeee95f7d4f5c0fdc306a203b50f69fa630a3b0460fdf7f7a50a2f1065098201e70495f23b05051403f2531186f67cfeff130f0fd30cb5
    1	    4	   65	0346030f05700aac0e54161500a00d12052ffdec0879fbef08e3fb17f6980ba90ae1fc7df617075c1bc3138307810589046bf4750dc2120a022908830b45064ffae6005109dc0c6af998058f07d60d7c0a35127e0e190847efef17eb14a8fc79fce7065df62700fa0aa91c310dd7f593193dfc9b0e8e0da4f6031519055b09cb
    1	    4	   65	272201fd0f2215f8101e17bf255a116601dd0eb8243708691ca30b930f4210eb0c99175313290de41f5918550dcf125112bdfde1fe1e0fd60a611685175322f501d601b912b80a620fdc051f009a07e2ff7d17ce0185032705d505310f0c09ab093903d50df300f60c19057b03eb0e211c650a7d055e0a10040b096b0bb50a8d
    1	    4	   65	056c19610fba24740dd41c330d0013a60dad24460d2520db26c5138d0456137b110914ed0a6b08e012d111471ec7151d1a6f04ab1dc20c4210991b130d470e2df36eef0b1a0efa1e0164fa5dfef8fddcfa4305c012bf0e0d19abf5b1fccaf5ef024f1443ff21faa60abd06630cabfcc5118ded4f09f80266fd9d065106fd0231
    1	    4	   65	16e0faf7e43601c2026007d90a2a08f013ebf4100d2ffcf9fa010f0d00b00775fdfb06ef0f4f00200a950523068504d1fa17f989f4c8f98004dbfa5f0d5dfcbff93e06af03ca0fae11ce076bff76098ef99fff70fed7fdc304b1f4d30c620e7f1445f94dfec7f6eafb51fc01fe6b054f0dfd0e530ec2f61cfac701d90985125d
    1	    4	   65	f778fe7df536f694e8f4fb07fd76fd8af143fa04e719f097fee3fef1f5eae6ed0163e6cff25bf930e9fdfdd5f037ef25f8b3f2d5f6d8f79ee51df0df0049f3510c9207cf1ea215acfd821477f98010aa18750c060b6d0215fb8f288b0f3833870f1d1b691c0d054c0c3511071267191b15811cb71478116621eb1dcb11451339
    1	    4	   65	1dfe1ffd147c2b9c30d42c3f34222b301f8f28aa3e43238d240325e32aa43bdd11971abf230b1fd61ddb25fd387d2589267f2a592c4e23282aad22f538df1afd14c00c0b19e2179007de05d3087407ea14c30be61a6713770deb0999004c0fcd0a6115f30ab7185807690e9707350141123f057d01b6133c0025172f048b0a01
    1	    4	   65	e22eeccfeff4e2e4f38ce7f515c2efc8ed7deb9afb87f4b1edb3ee7fed1600aff497f12df1abe5f0f05be75be541ddbdf7d7ef21ea76efb2f3adf385f13bec09f7c0faa9f318fa82fb560713f85eeae8fbd307c4f345f7fbf507f1edfeb4fc55edb1e85bea7df49cf117f133eb6ff5c1f083eec7f802e814fa85e035019dfa93
    1	    4	   65	f3fef8e9eb36f45a0d42f2b5effef40600d906f8f655ed7d11b1f897e61ef723f3b1ecc5eba3f04af3a1f7b702970551ff61f8b9fb36f8b0f79d00a5fdf5fa1ff99af0ebe812f92eef86f901e926f3b2eab9f366ffd3f3e5032bf135f052f8efe709f1ebfc49fc46ef6ffc1de6f3e75ddaabf247f38a0814f1adf525f33df3cf
    1	    4	   65	0a3e02d7faee0eaa19c01085080c0516fbf3136619c1017108890ca701ce0539ff210407201706b00c4f0e41071104c90f7f14b90bec0aaef42d0759f44d17371bda2491260821f81e26219d085420ac19e7104c22890bb517e71b4917d224e50bc11919176d10001c5310ed20e715cd259918df323824080c8316271e2d0ff7
    1	    4	   65	0000000000000000000000000000000000000000000000000000000000000000000000000000000000000000000000000000000000000000000000000000000000000000000000000000000000000000000000000000000000000000000000000000000000000000000000000000000000000000000000000000000000000000
    1	    4	   97	0000000000000000000000000000000000000000000000000000000000000000000000000000000000000000000000000000000000000000000000000000000000000000000000000000000000000000000000000000000000000000000000000000000000000000000000000000000000000000000000000000000000000000
    1	    4	   97	d611d579d31cd9f2f4ddd492ea0de65aed64e0abf321f108e2c2d676cea8ec5ee8fee5ebdbdad91bc811d896dab8cf54db48e06be654db48df19dc64d696e12af98bf567f012ea72e6f5ed00046dec2ee17c0407e397f550ea6ae1cae944f6d4f5d8e0efee84eba3e9d5e994e1ac01e8ebc0f889ecdcda90ebc9df90f95cef94
    1	    4	   97	161f13231dae0cb0112908c802fb1df0124c18a30b5312020a440d9a12580bb410e425010bcc147725291532185c0d640e120b99177e1b1a1da511da1c1e12dc21310e1d13322e462a2f24ae28c3206a1ba6205f1bf123041dc423f81a5c210e1b820f2314640f6117fb19b617502ed4184418a10c5e2ba825cd1d861a76116a
    1	    4	   97	f09bef59ed5aec86f49ffa50e52bf240f408ef85f23ff282ef18ebb8e87ce8cae9d6e4e5f7eef98ff621e966fd88ef38f1f2fe3bda72e394e75feedaec26ec9608affbbd10ca0c3cfe5703c602bb148e0d4e0553feef06e80a1201b2094a05be0dd21155059cf4270871f900146e07c2119a0c0102000d8a12a9ffc80a500a10
    1	    4	   97	de6de9bbf02ad4a8da97e084e697e9e4e694f435e491e34aed5ed8cce444df5ae090eb8bf6bce793e8cfee98ec66e72ce53ceb35efc2eb18e7e5e6a8e3f8e346f6b9f5e9036005a2debb0ada013d0142eba8eef5e34bf59cebfa01b6f036ff9cf854f74be5580a53070ffc5cede000f2f698f1a1fff2ee180823074aea02f330
    1	    4	   97	ec8fe34dfabaf4a6ed4fe1beff9fe4fef008fb25ee6be9bafa8ef35af2c4e964f908e83feb4afbfff195f942ed50ff78f03cf5bde174f11eddc7f640eb94ef5ef0bdf92bfad6face04150928f3c1eb20f47817fd0f55035406ceffb410daff16164ef8151238fc21f68d0130f734035ef9c4fc7bf4d6fbd406d5f8e802a2f0d6
    1	    4	   97	ff970ff506ac0e1414f70ea809d91c640cba13f31697ff8606fc13dc302c1d900484161319721fb715610ce016dc0d4a158217a71e84218e09a30a9417d216f213f3159109ee1930180b0efe128d0f420b8c1acf1aeb040207381dfe1e4c0aba200811891d1a1301180f156401f80fc020921d5b19020a980e3d10f01056febc
    1	    4	   97	f50feb19fed6edeefcb9f832fd61edb6eaf0edade805ef2ef612f10affbaee7ce794f175f800f86f0345df58ee22f44eef02fe7ff612e406fab9e9a2ee64ef861401fe1b1194058cfe3fff700387f88202b2034f073ffb04f6d0fd16141a161af604075503aa0e7315a707a20a1400a20440046908f209c618450fa40c98026e
    1	    4	   97	03e70e6d0f7e155009e50498fd2f0634f49a0f6ff587083a0b9e02a202a6fcbe08ee0b43f54a04edfb2d1486efe815680c480361fccc050c045d11b808b00824fc1bf985110c08220e3107bc00cff636f94e00550f2dff2610c4ffc0fef6016202be01f508b0162f0769047a006cfe120996f72f001c0fc20a41044afb68f4a2
    1	    4	   97	0cb306bf0f4a1a9c1af3259a0c8112de045e110b23330ae22284124421022654108a178ffe6c1a470e2713ea0e5a22401f580acf10f628da0f4f11761ca40970fe7ff44f155a0c2c026b05340cab0ea804521fcf16b704cc0106149e113e028803820c7724680adb04b5040219f2fcf81d200909045eff36fc070ed210d812ee
    1	    4	   97	0f4b105302040f502185047a08f716ac156a0fbf04771702fb660cf60a94fbb2193413a50cfc2461111d1b220ac41df60caa0aeb08062fb2143f12b8fc30115014ad0423f23a04ac0049fb62fb13095af6e002ad077bf5620f60e78a0a04f740f2d60415f99e065501ab10a80ed608fe0096f53f02a6ff00fd7df16c0770080c
    1	    4	   97	fdb11685fd94068602d106a6024dfe34fedc06a9fbadffbaf94a098c1032fd9c090a002b07fe0f59fa81006cf7f4fc72faf400710d32f592ee3d00c2fecafb1ef73303b9f88e028a0e3501a00d4dffd8097afdd9f7df0aaefeb8032028a0f956f97a08391612ff190255026a04e8ff84015af0bd0c2605d4050105be0fde058c
    1	    4	   97	e975f4ade22efa18f3f1f79ee585ff1af7d0f6ddf73bfc96eca8eb36f970ed5eed5eed71ff04eec7f9b1fb08e23af7d6f04cf821ff16edf6e281e20eea58e16a13d10f971670111c16a915da160d04b61a180d850b310d9a1f821420086a0bca1c661a21195e0a6dfb171e20163e19e8280415e92a2e186e1cf7121c13ee12f4
    1	    4	   97	32411d9b2866262a271720c62c43244429162a451cd7315c30c0233438dc2462177416052b64219330371e8c1eb221b827c22c4323422a022793243c3a462ff418a30b1b134e12e8fceb13c2080b18601cb6136b04bd091400400704f69202d00f780e190f1a146317e71606015e179607800e2b227e0db607231b34071808fc
    1	    4	   97	eee1e523e0cce29ef6e9eb64e4bfe5e4ee34de8befebe47cf066e682e630eb72e28cf971f2b8ee65f4290b20f2b0ec0ce086e0c1ee94ea12e98fec88f17cf4bcfae9eef7ef18ee7eee2bfe4eedf9f970e152fabb03830098e65af1e8f0aa00b4f70efe13f316f349f643eff0fbb8fd9200d0f115f12ee2ccfcc1ef20e9080712
    1	    4	   97	07a1ff15f6e0f63cfedff4f8e57d0268f0a6fa41fc9bf676fbb20878fa02036cfe72fb29fd34fb49f9c1f0f0f9d6f8a006c2fbf9efa601a8fd4df8d801f60c06ed2fdf27ea96fe86fefdf5aafe870954f65af453005bee56eab0ff60ede200b0ea34eec1f86a0a170061f778f842f08cf61cf063e986f812f183f0f0fea2f61c
    1	    4	   97	0e1f1547edb011100f7fff0a0e690edc08fcf7850e07018e1c820da20cee0b9e14420db90bc6f427039ff6aa0c6e0ec2069c0dbd047003caf413f9e80084f1da1ca71921194019941f3519f21a2d1610167c18470931275e136816d424f8156a0d5a2b7f281827010f75210221a4205613a817d90a921c2e102b2182134c1492
    1	    4	   97	0000000000000000000000000000000000000000000000000000000000000000000000000000000000000000000000000000000000000000000000000000000000000000000000000000000000000000000000000000000000000000000000000000000000000000000000000000000000000000000000000000000000000000
