x	    x	    x	    x	xxxxxxxxxxxxxxxxxxxxxxxxxxxxxxxxxxxxxxxxxxxxxxxxxxxxxxxxxxxxxxxxxxxxxxxxxxxxxxxxxxxxxxxxxxxxxxxxxxxxxxxxxxxxxxxxxxxxxxxxxxxxxxxxxxxxxxxxxxxxxxxxxxxxxxxxxxxxxxxxxxxxxxxxxxxxxxxxxxxxxxxxxxxxxxxxxxxxxxxxxxxxxxxxxxxxxxxxxxxxxxxxxxxxxxxxxxxxxxxxxxxxxxxxxxxxxxxx
x	    0	    0	    0	xxxxxxxxxxxxxxxxxxxxxxxxxxxxxxxxxxxxxxxxxxxxxxxxxxxxxxxxxxxxxxxxxxxxxxxxxxxxxxxxxxxxxxxxxxxxxxxxxxxxxxxxxxxxxxxxxxxxxxxxxxxxxxxxxxxxxxxxxxxxxxxxxxxxxxxxxxxxxxxxxxxxxxxxxxxxxxxxxxxxxxxxxxxxxxxxxxxxxxxxxxxxxxxxxxxxxxxxxxxxxxxxxxxxxxxxxxxxxxxxxxxxxxxxxxxxxxxx
0	    0	    0	    0	0000000000000000000000000000000000000000000000000000000000000000xxxxxxxxxxxxxxxxxxxxxxxxxxxxxxxxxxxxxxxxxxxxxxxxxxxxxxxxxxxxxxxxxxxxxxxxxxxxxxxxxxxxxxxxxxxxxxxxxxxxxxxxxxxxxxxxxxxxxxxxxxxxxxxxxxxxxxxxxxxxxxxxxxxxxxxxxxxxxxxxxxxxxxxxxxxxxxxxxxxxxxxxxxxxxxxx
0	    0	    0	    0	xxxxxxxxxxxxxxxxxxxxxxxxxxxxxxxxxxxxxxxxxxxxxxxxxxxxxxxxxxxxxxxxxxxxxxxxxxxxxxxxxxxxxxxxxxxxxxxxxxxxxxxxxxxxxxxxxxxxxxxxxxxxxxxxxxxxxxxxxxxxxxxxxxxxxxxxxxxxxxxxxxxxxxxxxxxxxxxxxxxxxxxxxxxxxxxxxxxxxxxxxxxxxxxxxxxxxxxxxxxxxxxxxxxxxxxxxxxxxxxxxxxxxxxxxxxxxxxx
0	    0	    0	    0	0000000000000000000000000000000000000000000000000000000000000000000000000000000000000000000000000000000000000000000000000000000000000000000000000000000000000000000000000000000000000000000000000000000000000000000000000000000000000000000000000000000000000000
0	    0	    0	    0	fff8ff66ffe5ffceff19ffceffdbffd6ff33ff4eff48ff94ffefff48ff73ffb3ff93ffecff3cffbaffffff65ff7eff52ffedff66ff0dffbbffd4ff91ffa70000fff8ff66ffe5ffceff19ffceffdbffd6ff33ff4eff48ff94ffefff48ff73ffb3ff93ffecff3cffbaffffff65ff7eff52ffedff66ff0dffbbffd4ff91ffa70000
0	    0	    0	    0	ff85ff5eff4bffb3fee7fee7ffa9ffb1ff09fe81fe96fedcff83ff37febbff26ff46ff7fff28fef6ffb9ff64fee3fed0ff3fff53fe73fec8ff8fff65ff38ffa7006bff6e007fffe9ff4b00b5000dfffbff5d001bfffa004c005bff59002b0040ffe00059ff50007e0045ff660019ffd4009bff79ffa700ae0019ffbd00160059
0	    0	    0	    0	ff85ffd1ff53004dff02ff190090ffe3ff2efeabff63ff8e003bffa3feccffdeffd3ffccff95ff0a007dffaafee4ff6bffc10001fe86ff620082ffaaff640016006bffe100870083ff6600e700f4002dff82004500c700fe0113ffc5003c00f8006d00a6ffbd00920109ffac001a006f011d0027ffba0148010c0002004200c8
0	    0	    0	    0	fe9fff59fea70026fe48fe880065ff42feb1fe0bff2cff5affeeff23fe9aff3dff70ff68feeafe280076ff67feaeff22fee1ff7afe29ff0e0039ff11fe8a001601510059013300aa00200178011f00ceffff00e500fe013201600045006e019900d0010a006801740110ffef005000b801fd00ae0017019c0155009b011c00c8
0	    0	    0	    0	fe02fe73fe2fff7afe21fdceffd4ff17fe10fd8efe8cff23ffbafed6fe1aff0bfecfff05fe86fd7dff94ff60fe6bfeecfe98fe9afda2feb1ffe5fec8fdf1ff3c01ee013f01ab01560047023201b000f900a00162019e01690194009200ee01cb0171016d00cc021f01f2fff6009300ee0246018e009e01f901a900e401b501a2
0	    0	    0	    0	fe02ff10ff15fff2fecdfdf5008effa8fe3bfe2fff09ffc3fff1ff0afe67ff8bff01ffa6fee9fde1003f0042fe72ff2ffecefee3fe82ff380042ff1cfe3affd501ee01dc029101ce00f30259026a018a00cb0203021b020901cb00c6013b024b01a3020e012f0283029d00d8009a0131027c01d7017e02800206013801fe023b
0	    1	    1	    1	fe02ff10ff15fff2fecdfdf5008effa8fe3bfe2fff09ffc3fff1ff0afe67ff8bff01ffa6fee9fde1003f0042fe72ff2ffecefee3fe82ff380042ff1cfe3affd501ee01dc029101ce00f30259026a018a00cb0203021b020901cb00c6013b024b01a3020e012f0283029d00d8009a0131027c01d7017e02800206013801fe023b
0	    1	    1	    1	fe06000dff8400e1fecffef20157ffcbfe45fec7ff9a005400caff82fefe006cffb50083ffc1fe9c00d50058ff31ff6ffee6ffc2ff1eff3800e4ffbefe7cffd501f202d9030002bd00f50356033301ad00d5029b02ac029a02a4013e01d2032c025702eb0207033e033300ee01590171029402b6021a028002a801da0240023b
0	    1	    1	    1	fe2d001100810150ffbefef402540094fe68fed1003200e5015b005bff76010300960137009eff74019000eeff47002eff26ffdafffdffd400e40060ff1e0017021902dd03fd032c01e403580430027600f802a50344032b03350217024a03c30338039f02e4041603ee0184016f023002d402ce02f9031c02a8027c02e2027d
0	    1	    1	    1	fe2dffea007d0053ff4ffe050252ff97fd9ffeae0028004d00caffcafe9d008bffff0056ffeafe9700b80033feb10018fe67ff9affe5fef500480060fe7cff75021902b603f9022f01750269042e0179002f0282033a029302a401860171034b02a102be02300339031600c900d9021a0215028e02e1023d020c027c024001db
0	    1	    1	    1	fe92001e017900a80032feb002f6ff9efe7ffef700d400f701c3fff5ff2100d700f4013e0000fea700d9006cff9300d8fea0000600e0ff22005400a1fea7ff75027e02ea04f502840258031404d20180010f02cb03e6033d039d01b101f50397039603a6024603490337010201bb02da024e02fa03dc026a021802bd026b01db
0	    1	    1	    1	fe05ffb90145ffacffddfdcd024bfefafe78fe17008b004b0119fefcfef6005300a80049ff18fe9100c9004bff5afff6fde0ffcd0074fe2700270095fe66ff4a01f1028504c1018802030231042700dc010801eb039d029102f300b801ca0313034a02b1015e0333032700e1018201f8018e02c10370016f01eb02b1022a01b0
0	    1	    1	    1	fe05ff2c00e0ff78fee1fd780168fe4ffdd4fe10ffab0002006dfe52fdfd00280024fffdfe23fda900b3003bff39ffbdfcfeff0d003bfdbbff2c0068fe5aff0901f10312052601bc02ff0286050a018701ac01f2047d02da039f016202c3033e03ce02fd0253041b033d00f101a302310270038103a901db02e602de023601f1
0	    1	    1	    1	fe2effa500e90025ffa3fe2501bcfe5cfe9fff0e009e00a900acfe9bfe5d0057008b0078fe7afdab0136004fff9e005cfdf4ff4c003efdfbff6f00e4ff16ff0901c80299051d010f023d01d904b6017a00e100f4038a0233036001190263030f0367028201fc041902ba00dd013e0192017a034203a6019b02a30262017a01f1
0	    1	    1	    1	ff00ffce0162002e0050fee70269feb0feacffd9019c019c0153fedafea600b700ba00dffef5fe02013800d2ffb200c1fe930042007dfdfeffaf0127ff92ffc5029a02c20596011802ea029b056301ce00ee01bf048803260407015802ac036f039602e90277047002bc0160015201f70219043803e5019e02e302a501f602ad
0	    1	    1	    1	ff0000a0018b00a70059ff94032bff5dff00ffe60267029a0246ff81fee50100011a010eff5cfe7d018f00d4003500d5fef800e10173fe3dffb20167ffd50041029a01f0056d009f02e101ee04a10121009a01b203bd0228031400b1026d0326033602ba021003f50265015e00cf01e301b4039902ef015f02e0026501b30231
0	    1	    1	    1	fe1f0047010700540000ff8d0277fe75fe68ff0a021102650197ff31fecf00a0004c005cff50fdcf0180005aff99008ffe6cffee0098fe1cfef8012eff02004101b9019704e9004c028801e703ed0039000200d6036701f302650061025702c60268020802040347025600e40033019d012802a60214013e0226022c00e00231
0	    1	    1	    1	fd27ff6600aeffd0ffadff340270fdc1fd80fe720135020f0162fe82fe7f008affecff8efe9efdc300d2004bff1ffff3fe26ff62ffa5fd41fed70074fec9ff6e02b10278054200d002db024003f400ed00ea016e04430249029a011002a702dc02c802d602b60353030400f300ad0239016e033203070219024702e601190304
0	    1	    1	    1	fd27005e018f00290031ff8702c9fdc8fe34ff5a01cd02eb01b8feb7ff2e00da0002ffeeff6cfe7500de00f9ff2e006dfec2ffa80031fe34ffb20095ff83ffa702b1037006230129035f0293044d00f4019e025604db032502f001450356032c02de033603840405031001a100bc02b3020a03780393030c0322030701d3033d
0	    1	    1	    1	fd1affa400a5ff83ff75ff0d0290fd09fe2efe9600de02710113fe70fecd0033ffe3ff55fe96fdc600bb0099fe7aff92fdcaff71ff6bfd94ff66ffeefeffffa702a402b60539008302a30219041400350198019203ec02ab024b00fe02f5028502bf029d02ae035602ed0141000801d80112034102cd026c02d60260014f033d
0	    1	    1	    1	fdf1ffb1015f006d001bffc9030afd42feedfe9c01a20360018dff15ff140094008aff74ff2ffe9c016a00bcfeda0046fea50069ffa2fe5a0006003affa6002b01cd02a9047fff9901fd015d039afffc00d9018c032801bc01d1005902ae02240218027e02150280023e011effa8012400370249029601a60236021400a802b9
0	    1	    1	    1	fdf1feda0152ffb3ff31ff23024efcc8feb4fddd019c029c009efe9bfe6f004d0029fecdff10fe030094000dfeb7ffe6fdf1ff8efeaafe23ff40ff9aff5aff8401cd0380048c005302e70203045600760112024b032e028002c000d30353026b0279032502340319031401cdffcb018400eb0324038e01dd02fc02b400f40360
0	    1	    1	    1	fe14ff4f01dd0099002effea0301fd93ff3bfdf6020f02a80142fecffeaf00eb009fff8fff2ffe4301850019ffae0047fe280014ffa0fec6fff600550049ff8401aa030b0401ff6d01ea013c03a3ffab008b023202bb0274021c009f031301cd02030263021502d9022301c1fed4012300b4029e0298013a024601f900050360
0	    1	    1	    1	fdabff2c0168000eff48feed023afce0fe70fd6f01f602350136fe2bfe7b00ab0001ff19fe6dfe240145ff28ffa2ff50fdc7ffddff1afdd0ff53ff9fff8efe95014102e8038cfee20104003f02dcfef8ffc001ab02a202010210fffb02df018d016501ed015302ba01e300d0fec8002c005302670212004401a30143ff4a0271
1	    1	    1	    1	fdabfec30145ff99febdfe07013dfc19fdbdfca4016f021c00c3fe1ffdd70077ffc1fe7bfdf7fd620126fee8feb1ff44fcd0ff7cfee3fd4afe5dfefcfed8fdda0141027f0369fe6d0079ff5901dffe31ff0d00e0021b01e8019dffef023b01590125014f00dd01f801c40090fdd70020ff5c020601dbffbe00ad00a0fe9401b6
0	    1	    1	    1	fb77fe12fd7efd1efe54fbc3ff02fd48ff1efa87fdccfdb9fc36fe2ffd77fd75fcdffa0ffe29fcc6fe05ff68fca0fd86fc27fdcffd0eff060085fdbbfd40fef90061fb7afcd0fd2cfbf0fc97ffecfd52fdd8fc29fe8afe6dfd0efe2dfb61fd19ff4dfb1ffc55fcd2fee9fe36fc1cfdfafd7fff31faf8fc24fd7dfde9ff1e0083
1	    1	    1	    1	fb77fe7bfda1fd93fedffca9fffffe0fffd1fb52fe53fdd2fca9fe3bfe1bfda9fd1ffaadfe9ffd88fe24ffa8fd91fd92fd1efe30fd45ff8c017bfe5efdf6ffb40061fbe3fcf3fda1fc7bfd7d00e9fe19fe8bfcf4ff11fe86fd81fe39fc05fd4dff8dfbbdfccbfd94ff08fe76fd0dfe06fe76ff92fb2ffcaafe73fe8cffd4013e
0	    1	    1	    1	fe87fe66fd46ff5cfd68fe8ffd98ff78ff58fd57fc80fe25fe48fdc3ff35fe4bfebdfd45faf300520183ff56008cfbe4fd51fffb006afe36ff17fdc5ff78004100a5fd02fc88fcc4fdf2fdd7fcb2fd88fd7cffc1fd30fcbdfb2a0033fca9fe03fda7fdef005dfb60fc2bfea6fceaffa6fc73fc8bfc4afcc8faff0023fdf8fded
1	    1	    1	    1	fe87fecffd69ffd1fdf3ff75fe95003f000bfe22fd07fe3efebbfdcfffd9fe7ffefdfde3fb69011401a2ff96017dfbf0fe48005c00a1febc000dfe68002e00fc00a5fd6bfcabfd39fe7dfebdfdaffe4ffe2f008cfdb7fcd6fb9d003ffd4dfe37fde7fe8d00d3fc22fc4afee6fddbffb2fd6afcecfc81fd4efbf500c6feaefea8
0	    1	    1	    1	fe3102b600a2ffa40060015dff9afeaaffa802bf003e00e1ff18005b0179009bffb9fed901770236ffb300ceffea00e20071fee901d0ffc8fef5024b01b6ff97fd99fea4ff780006ffd0fe5301a2017afd84fbbffd80fdaf00e4ffd9fe99ff570021fe51fed100f8ffbffef0fffefe7afe7900190052fd7c00b300f1ff3efe49
1	    1	    1	    1	fe31031f00c5001900eb02430097ff71005b038a00c500faff8b0067021d00cffff9ff7701ed02f8ffd2010e00db00ee0168ff4a0207004effeb02ee026c0052fd99fe3bff55ff91ff45fd6d00a500b3fcd1faf4fcf9fd960071ffcdfdf5ff23ffe1fdb3fe5b0036ffa0feb0ff0dfe6efd82ffb8001bfcf6ffbd004efe88fd8e
0	    1	    1	    1	005bfb04feaafbb2fdf4fbdffcccfc1cff34fb63ff7cfd37fd22fe09fe2bfd99ff27fc83fd25fd92fe39fb80fdb4fee2fee9fc97fafafe2efd01fe4dfcc4fd5b047703ee0450031c06bc062501d0031806aa0707054c0545041e035305a302c3041d0483054905b200c503f6047804e406e1056d043803d2050303d504ca0253
1	    1	    1	    1	005bfa9bfe87fb3dfd69faf9fbcffb55fe81fa98fef5fd1efcaffdfdfd87fd65fee7fbe5fcaffcd0fe1afb40fcc3fed6fdf2fc36fac3fda8fc0bfdaafc0efca004770385042d02a70631053f00d3025105f7063c04c5052c03ab034704ff028f03dd03e504d304f000a603b6038704d805ea050c0401034c040d033204140198
0	    1	    1	    1	0293040400e80460041404e1007a024e05260505039603a900fa0453042701c501c5021105d103bc02a1023a00d004f406ff029300e20714049b024b035e03c30079ff5e0262003401f0ff250236012c0198ff9b02940157006800470261017f01a9ffc100f703e4026f022efff6ffe000dd028b007a027a0397fef5027a01c9
1	    1	    1	    1	0293046d010b04d5049f05c70177031505d905d0041d03c2016d045f04cb01f9020502af0647047e02c0027a01c1050007f602f40119079a059102ee0414047e0079ffc7028500a9027b000b033301f3024b0066031b017000db0053030501b301e9005f016d04a6028e026e00e7ffec01d402ec00b10300048dff9803300284
0	    1	    1	    1	01d700a6032c030204e803e1045400500332017b01ea028f025e0245027101c30357021501f5025002e700660022043e043f016d00fa04ae03b501e70366015dfe75fa00ff34fa86fc06fc75fd0ef9aefcb4fc8bfcd8fee5fba6faabfc77fd29fc33fae5faf5fb4afc19ff70fb88fe1cfc11fbbbfa86fe26fde7fbedfc3effa9
1	    1	    1	    1	01d7003d0309028d045d02fb0357ff89027f00b00163027601eb023901cd018f03170177017f018e02c80026ff3104320348010c00c3042802bf014402b000a2fe75fa69ff57fafbfc91fd5bfe0bfa75fd67fd56fd5ffefefc19fab7fd1bfd5dfc73fb83fb6bfc0cfc38ffb0fc79fe28fd08fc1cfabdfeacfeddfc90fcf40064
0	    1	    1	    1	008f01c6fede01d2001002bf0110010000ac00ff0184027f026400d5012d00c5008d0261fed9fe840351008001e8006cff4301cf039e01a8ff7dffd9ff1e038bfe1ffa5afd96fb22fe1afb3bfccafd96fe48fb9bfb7cfa7bfa6afc61fd15fcadfd0ffa95fb25fd28fc61fe72fde8fcc4fb95fcb5fccefd96fee1fd39fd72fd63
1	    1	    1	    1	008f015dfebb015dff8501d900130039fff9003400fd026601f100c900890091004d01c3fe63fdc20332004000f70060fe4c016e03670122fe87ff36fe6802d0fe1ff9f1fd73faadfd8ffa55fbcdfccffd95fad0faf5fa62f9f7fc55fc71fc79fccff9f7faaffc66fc42fe32fcf7fcb8fa9efc54fc97fd10fdebfc96fcbcfca8
0	    1	    1	    1	fb03fc9efd0afc60ff06fb41fb36fde0fbeafca5fb52fc77fcc8fc8ffe95fd95fb5dfc8bfd1dfdcefd8b0092fd9efcc4fc45fb85fd38fca0fd3ffe03fe14fd17fdc7019efdc60012013e03510192fedeff98027f00b601dd00ec00ad01bdffd3fe9bff8500e1ff38fe57ffce002e0072009f006700720008015f0063fff4ffaf
1	    1	    1	    1	fb03fc35fce7fbebfe7bfa5bfa39fd19fb37fbdafacbfc5efc55fc83fdf1fd61fb1dfbedfca7fd0cfd6c0052fcadfcb8fb4efb24fd01fc1afc49fd60fd5efc5cfdc70135fda3ff9d00b3026b0095fe17fee501b4002f01c4007900a10119ff9ffe5bfee7006bfe76fe38ff8eff3d0066ffa80006003bff820069ffc0ff3efef4
0	    1	    1	    1	004fffba0066fe20026efea500baff7cff9801f5fe64fef7009afdf3ff51fee5fe7300bdfd8ffe82fd330034fecefea001170001ff4efd8000c5fecb0026fd59fc23fcecf9feffeefdb00101fc40fd72fdb8ff37fa48fce1fcd6fe45ff0ffe7bfd77fec3fcfffc1aff11febeffccfe46fd19fbb1fcaefe84fe65fec1fe2efd8f
1	    1	    1	    1	004fff510043fdab01e3fdbfffbdfeb5fee5012afdddfede0027fde7feadfeb1fe33001ffd19fdc0fd14fff4fdddfe940020ffa0ff17fcfaffcffe28ff70fc9efc23fd55fa210063fe3b01e7fd3dfe39fe6b0002facffcfafd49fe51ffb3feaffdb7ff61fd75fcdcff30fefe00bdfe52fe10fc12fce5ff0aff5bff64fee4fe4a
0	    1	    1	    1	fc63fdf4fda2fedaff7cfb8dfe62ff4afcd8fd65fd06fc55fc68fd8dfc5dfe25fd13fe6dfcd1fac0017dfffcfd0eff9efcd5fb4bfe6afed0fe270167fdfcff7dfdc1fbd4fe18fcfafc30fc25fe0cfbcefd56fe71fad2fc61fcb2fd47fc8bfd33fe9bfe89fd05fb2afb33fe88fd78feb6fb85fa8ffc0afc5cfc95fd4ffd98fb41
1	    1	    1	    1	fc63fe5dfdc5ff4f0007fc73ff5f0011fd8bfe30fd8dfc6efcdbfd99fd01fe59fd53ff0bfd47fb82019c003cfdffffaafdccfbacfea1ff56ff1d020afeb20038fdc1fb6bfdf5fc85fba5fb3ffd0ffb07fca3fda6fa4bfc48fc3ffd3bfbe7fcfffe5bfdebfc8ffa68fb14fe48fc87feaafa8efa2efbd3fbd6fb9ffcacfce2fa86
0	    1	    1	    1	feef0294012affe60200007d036e00e2ff7c011103ee014d003a01ed00a101d90115ff3303f5018600710188feca012200e701db006afeae003f028300c6012f01d7ff88fd68fad6fd1cfbfffe84fe300054fd730068fd0bfed2fecffdd3fd41ff85fc8bfd8ffd8cfc69fd26feb8fd00fd4301d7fea8fb0efdabfe09fce4ff41
1	    1	    1	    1	feef022b0107ff710175ff970271001bfec9004603670134ffc701e1fffd01a500d5fe95037f00c400520148fdd90116fff0017a0033fe28ff4901e00010007401d7ff1ffd45fa61fc91fb19fd87fd69ffa1fca8ffe1fcf2fe5ffec3fd2ffd0dff45fbedfd19fccafc4afce6fdc7fcf4fc4c0176fe71fa88fcb5fd66fc2efe86
0	    1	    1	    1	fd03fc98fd44fe9afec8ff1dfe6afecafe58fc29fd18fee7009afdd9ff05ffa1ffadff03fb57fe60013ffdec0024fda6ff01fc8ffe2cfe04fdbfff1dff2cfdb500fd0422018a03c4038a054d04c803a6026e04fb02fa052b0670033102e1032b030d0489047b0324ffd3032c02040306066b041701b401c804e501b502da011f
1	    1	    1	    1	fd03fc2ffd21fe25fe3dfe37fd6dfe03fda5fb5efc91fece0027fdcdfe61ff6dff6dfe65fae1fd9e0120fdacff33fd9afe0afc2efdf5fd7efcc9fe7afe76fcfa00fd048b01ad04390415063305c5046d032105c60381054406e3033d0385035f034d052704f103e6fff2036c02f503120762047801eb024e05db0258039001da
0	    1	    1	    1	01ad0192ff3e022c0038015302c002ae025a004502f600f902c000d50037fff701c90303ff9bfe6e0267ff2601acff88012102a300c2006400ffff27002c020dffcf01c80384048604be031d01fa0362018a00e70290027303c20365045b02f502d104ff03a5036203c5015a0446036601bf015505620412017b027f004c0097
1	    1	    1	    1	01ad0129ff1b01b7ffad006d01c301e701a7ff7a026f00e0024d00c9ff93ffc301890265ff25fdac0248fee600bbff7c002a0242008bffde0009fe84ff760152ffcf023103a704fb0549040302f70429023d01b20317028c0435037104ff03290311059d041b042403e4019a0537037202b601b6059904980271032201020152
0	    1	    1	    1	00fb0242040c002402fcfdf30300013001cc019104f80043017cff1d00c10089016f02530097000401bd00b200ba01980101019d0230009001b5016301a00071fad1fcc8fe22fbb4fe18fcaffc3aff0efe2afc2ffd50fdd5fc82fec10081fd8dfceffba7000ffffafbdf001efdd8fe04fdddfa29fd7c000efd93fd65fd98fe5b
1	    1	    1	    1	00fb01d903e9ffaf0271fd0d02030069011900c60471002a0109ff11001d0055012f01b50021ff42019e0072ffc9018c000a013c01f9000a00bf00c000eaffb6fad1fd31fe45fc29fea3fd95fd37ffd5feddfcfafdd7fdeefcf5fecd0125fdc1fd2ffc45008500bcfbfe005efec9fe10fed4fa8afdb30094fe89fe08fe4eff16
0	    1	    1	    1	fdfffde2ff0cfd0afc32fc8ffcc8fb60fe52ff01febefc2dfdb4f9f5fd83fe33fdbdfd81f9fbfc7efdf1fc800058fe24fde3fc7dfd10fd9cfecdfd7bff26fbcdfec704c8ffb202520214015d011e01b0031c00bfff56ff3bff7a01950299013300f10167030101b803af02d0ffb0ff98ff9b027b01ba024004c3025f012402e5
1	    1	    1	    1	fdfffd79fee9fc95fba7fba9fbcbfa99fd9ffe36fe37fc14fd41f9e9fcdffdfffd7dfce3f985fbbcfdd2fc40ff67fe18fcecfc1cfcd9fd16fdd7fcd8fe70fb12fec7045fff8f01dd01890077002100e90269fff4fecfff22ff07018901f500ff00b100c9028b00f603900290febfff8cfea4021a018301ba03cd01bc006e022a
0	    1	    1	    1	0000000000000000000000000000000000000000000000000000000000000000000000000000000000000000000000000000000000000000000000000000000000000000000000000000000000000000000000000000000000000000000000000000000000000000000000000000000000000000000000000000000000000000
0	    1	    1	    1	ff1aff88ff54ffd9ff46ff6fffd5ff5fff83ff60ffc9ffccffb3ff80ffceff5fff9dff9cff55ff1efff9ffbdffcaffb7ff20ff79ffa3ffacffb7ff67ff26000000e6007800ac002700ba0091002b00a1007d00a000370034004d0080003200a10063006400ab00e2000700430036004900e00087005d00540049009900da0000
0	    1	    1	    1	fe7dfea2fedcff2dff1ffeb5ff44ff34fee2fee3ff29ff95ff7fff33ff4eff2dfefcff39fef1fe73ff17ffb6ff87ff81fed7fe99ff1cff4fff63ff1efe8dff260183015e012400d300e1014b00bc00cc011e011d00d7006b008100cd00b200d3010400c7010f018d00e9004a0079007f0129016700e400b1009d00e2017300da
0	    1	    1	    1	fe7dfe05fdf6feb5fe73fe8efe8afea3feb7fe42feacfef5ff48feffff01feadfecafe98fe8efe0ffe6cfed4ff80ff3efea1fe50fe3cfec8ff06fecafe44fe8d018300c1003e005b003501240002003b00f3007c005affcb004a00990065005300d2002600ac0129003eff680072003c00f3011e0004002a0040008e012a0041
0	    1	    1	    1	fdd4fdcffdb3fe21fddbfdfdfe42fe0cfe02fdf7fdd0fe78ff05fe80fefcfe6ffdecfe74fdc7fd4afe3cfea9ff74ff35fdb3fe50fe3afec2fe35fec1fe11fe8d00da008bfffbffc7ff9d0093ffbaffa4003e0031ff7eff4e0007001a00600015fff40002ffe50064000eff3d006600330005011e00020024ff6f008500f70041
0	    1	    1	    1	fce3fd26fd7dfddefd47fd65fdb1fdc4fd6bfd42fd85fd9cfe88fe3dfe7dfe6afdaefd96fda3fc83fd77fe79ff49ff29fdaafd62fe3afec0fe2ffdf0fe08fe5a01cb01340031000a0031012b004bffec00d500e6ffc9002a0084005d00df001a003200e00009012b00d3ff6d0091003f000e020c00020026ff75015601000074
0	    1	    1	    1	fce3fe17fe26fe14fd8afdf9fe49fe55fdb3fdd9fe3afde7ff64febafec0fee9fdb3fdd4fe81fca7fe3eff3eff79ff54fdb6fd6bff28fec0fe31fdf6fed9fe6301cb022500da0040007401bf00e3007d011d017d007e0075016000da012200990037011e00e7014f019a003200c1006a001a021500f00026ff77015c01d1007d
0	    1	    1	    1	fc88fd84fd53fd61fcd3fd9dfd6cfd7dfcecfda1fdc4fd91ff40fe04fe72feb0fd36fd98fda2fbedfdd7fef5ff33fe65fd91fccdfec1fe38fdd9fdabfe0efe63022602b801ad00f3012b021b01c0015501e401b500f400cb01840190017000d200b4015a01c602090201007b01070159003f02b3015700aeffcf01a7029c007d
0	    1	    1	    1	fc3efd29fcc0fc8efc20fce6fd10fca0fc14fcdafd8cfd1bfeeafde0fdbcfe62fcfdfd1bfd66fb0efd1dfe8efeeafe1ffca2fca8fe23fdd1fd51fd53fdc3fd9802700313024001c601de02d2021c023202bc027c012c014101da01b40226012000ed01d7020202e802bb00e20150019f012e02d801f50115005701ff02e70148
0	    1	    1	    1	fc3efd73fd1bfd21fcf3fd99fdc7fcfcfcf1fdb2fe53fd53ff60fe36fde0ff18fd4bfd54fde3fb4afdfcff48ff51fe68fce8fd97fe48fe6ffdb8fddbfe1bfde30270035d029b025902b1038502d3028e0399035401f301790250020a024a01d6013b0210027f0324039a019c01b701e8017403c7021a01b300be0287033f0193
0	    1	    1	    1	fbd9fd3ffc1ffcccfc10fceefd23fcf5fc11fd69fda7fca9fe67fe0bfd5cfeccfc56fc6cfdcdfb3afddbff0ffe6ffda8fcaffd2bfd4dfe42fdacfd9afdf0fde3020b0329019f020401ce02da022f028702b9030b014700cf015701df01c6018a00460128026903140379016300d50128013b035b011f018600b2024603140193
0	    1	    1	    1	fb4cfcdafbebfbd0fbbbfc0bfc78fc51fc0afc89fd5efbfdfdbdfd12fd31fe48fc0afb77fce5fb24fdcbfeeefe36fcc6fbeffcf2fce1fd47fd7ffd8efdaffdb8017e02c4016b0108017901f7018401e302b2022b00fe002300ad00e6019b0106fffa0033018102fe03690142009c0046007b032200b3008b0085023a02d30168
0	    1	    3	    1	fb4cfc4dfb86fb9cfabffbb6fb95fba6fb66fc82fc7efbb4fd11fc68fc38fe1dfb86fb2bfbf0fa3cfdb5fedefe15fc8dfb0dfc32fca8fcdbfc84fd61fda3fd77017e035101d0013c0275024c0267028e0356023201de006c0159019002940131007e007f027603e6037f015200bd007f015d03e200ec00f70180026702df01a9
0	    1	    3	    1	fb8bfcc2fc53fc08fb69fc67fbe9fc64fc29fcfbfcdafc6dfd69fd09fceffe26fc1afb2dfc7afad3fe2efefffe65fca0fb0dfc3cfd73fd0bfd6afe3bfe95fd7701bd03c6029d01a8031f02fd02bb034c041902ab023a012501b10231034b013a011200810300047d03f80173010d0092015d03ec01b701270266034103d101a9
0	    1	    3	    1	fbe1fd01fcc8fcd5fbd5fd11fc9afcb8fce7fdbefd53fcc9fe22fd61fd90feddfc23fbc1fc7cfb5dfec5ff78fe86fcf0fb20fc3cfd7dfdd6fd9aff21ff6ffe690213040503120275038b03a7036c03a004d7036e02b30181026a028903ec01f1011b011503020507048f01ec012e00e2017003ec01c101f20296042704ab029b
0	    1	    3	    1	fbe1fcabfc89fc60fb08fca5fbf0fc07fc93fd00fc90fc50fdc6fca8fd38fe3cfb6cfbb8fbe8fb5bfe3bfee1fe0dfccffad0fc29fd7dfdccfccffef1fe89fd8f021303af02d3020002be033b02c202ef048302b001f00108020e01d0039401500064010c026e05050405015500b500c1012003d901c101e801cb03f703c501c1
0	    1	    3	    1	fc52fce3fd2efd04fb46fd56fc95fd05fd8cfd21fd16fcc8feb3fda6fdd3ff1dfc08fc5ffc50fb8dfee5ff15ff00fd2afb9dfcb8fdaafe33fcf9ff6ffeeffd8f028403e7037802a402fc03ec036703ed057c02d10276018002fb02ce042f0231010001b302d6053704af018901a8011c01ed046801ee024f01f50475042b01c1
0	    1	    3	    1	fbabfc72fcf6fc5ffaa2fd18fbe4fc60fc8efc28fcf5fc42fe3bfcb9fcd5fe82fb27fbc3fba9fb25feb3fe6bfeccfc37fb42fbebfd1bfe06fc92ff45fe71fd2901dd0376034001ff025803ae02b60348047e01d8025500fa028301e103310196001f0117022f04cf047d00df017400290192039b015f0222018e044b03ad015b
0	    1	    3	    1	fbabfbcbfc85fc27f9fdfc74fba6fbaffbe9fb2afbfcfc21fdb5fc41fbe8fd84fa8cfae2fb0dfa7efe4bfe39fe22fc03fa4ffb90fc4efd77fc65fedefe47fcab01dd041d03b1023702fd045202f403f9052302d6034e011b03090259041e029400ba01f802cb057604e50111021e005d028503f6022c02b101bb04b203d701d9
0	    1	    3	    1	facafb72fc01fbd4f9a4fc6dfaf2fac7fb51fa4efba6fbecfd06fbf1fbd2fd24f9befa30fb01f9d0fe3cfdbffd86fbbdf9c3fa9dfb73fd56fbabfea5fd74fcab00fc03c4032d01e402a4044b02400311048b01fa02f800e6025a020904080234ffec014602bf04c804d600970182001701f903030151029001010479030401d9
0	    1	    3	    1	fbc2fc53fc5afc58f9f7fcc6faf9fb7bfc39fae6fc82fc42fd3bfca0fc22fd3afa1efafefbb3f9dcfeeafdcefe00fc59fa09fb29fc66fe31fbccff5ffdadfd7e01f404a50386026802f704a4024703c50573029203d4013c028f02b80458024a004c0214037104d4058400a601fc00b3023f038f0244036b01220533033d02ac
0	    1	    3	    1	fbc2fb5bfb79fbfff973fc73faa0fb74fb85f9fefbeafb66fce5fc6bfb73fceafa08fa9efae5f92afedefd20fdf1fbdff96dfae3fbdafd3efaf1ff3efcf3fd4501f403ad02a5020f0273045101ee03be04bf01aa033c00600239028303a901fa003601b402a304220578fff801ed003901a3034901b802780047051202830273
0	    1	    3	    1	fbc8fb83fc68fc11fa3cfcdbfb08fbbffbdbfa20fc58fc13fdd5fc7efba1fdd0fa36fb6afb64f9a2ffadfdc3fea2fcb5f9dffbcffcaefdf3fb490008fdddfd4501ee038501b601fd01aa03e9018603730469018802ceffb301490270037b0114000800e8022403aa04a9ff55013cff630131025d00e401c3ffef044801990273
0	    1	    3	    1	fc23fb89fc90fd00fa4efda4fb70fc27fc26fa76fc7afc81fe82fd6efbb4fdfefb1cfb98fc30fa210025fe92ff45fd66fab5fc41fd9afec7fbfe0060fea7fe2f0249038b01de02ec01bc04b201ee03db04b401de02f0002101f60360038e014200ee011602f004290521002401df0014020702cf01d0029700a404a00263035d
0	    1	    3	    1	fc23fbe4fc96fd28fb3dfdb6fc39fc8ffc8efac1fcd0fca3fef0fe1bfca4fe11fb4afc7efc5efaed00a4ff0a0014fe09fb66fd17fe0cffb3fcd20115fefffef90249033001d802c400cd04a001250373044c0193029affff018802b3029e012f00c0003002c2035d04a2ffac0110ff71015601f9015e01abffd003eb020b0293
0	    1	    3	    1	fb7afb3bfc2ffd19fb1dfce1fbc4fbd4fbc0fa03fbe8fc6bfe6afdc0fc65fd5bfabffb98fc4efab7006afeb30013fd88fb51fcaefdd8ff50fbf6002dfe0dfef901a00287017102b500ad03cb00b002b8037e00d501b2ffc701020258025f00790035ff4a02b203270468ff55010ffef001410190012a0148fef4030301190293
0	    1	    3	    1	fb38fa92fb86fcb2fb0efcc1faeffb5ffb05f935fb2afb83fe32fd3afc0afd1cfa09fb0dfb68faa70034fe79ffbcfd87fad0fc99fd6fff1cfb93ff51fd25fe0701e20330021a031c00bc03eb0185032d043901a3027000af013a02de02ba00b800ebffd503980337049eff8f0166fef101c201a50193017cff5703df02010385
0	    1	    3	    1	fb38fad4fc2ffd5bfb75fcd0fb0ffc34fb7af9f0fbf8fc41ff1afd72fc90fd77fa48fbc3fbf3fb8d0044feaffff6fddefad1fd1afd84ff85fbc7ffb4fe01feef01e2037202c303c5012303fa01a5040204ae025e033e016d0222031603400113012a008b0423041d04aeffc501a0ff4801c3022601a801e5ff8b044202dd046d
0	    1	    3	    1	fb5bfb49fcbafe41fc72fd97fbc2fcfffc01fa09fc6bfc4dffbefda6fcd0fe15fabefc85fc12fbcd0135febb00edfe3ffb08fda0fe7a0028fc7d006ffef0feef020503e7034e04ab022004c1025804cd0535027703b1017902c6034a038001b101a0014d0442045d059fffd10297ffa901fa02ac029e0288004104fd03cc046d
0	    1	    3	    1	fbc4fb6cfd2ffeccfd58fe94fc89fdb2fcccfa90fc84fcc0ffcafe4afd04fe55fb5cfcfbfcd4fbec0175ffac00f9ff36fb69fdd7ff00011efd200125ffabffde026e040a03c30536030605be031f0580060002fe03ca01ec02d203ee03b401f1023e01c30504047c05df00c202a300a0025b02e30324037e00e405b30487055c
0	    1	    3	    1	fbc4fb03fd0cfe57fccdfdaefb8cfcebfc19f9c5fbfdfca7ff57fe3efc60fe21fb1cfc5dfc5efb2a0156ff6c0008ff2afa72fd76fec90098fc2a0082fef5ff23026e03a103a004c1027b04d8022204b9054d0233034301d3025f03e2031001bd01fe0125048e03ba05c0008201b200940164028202ed02f8ffee051003d104a1
0	    1	    3	    1	fafefa5efc58fe3afc16fce1fb8bfc12fc15f965fb3dfc83fec2fdfcfc29fd67fa29fb7ffbc2fa5c00f7febfffadfea8f9ebfd51fea00097fb7bffabfe30ff2301a802fc02ec04a401c4040b022103e0054901d3028301af01ca03a002d90103010b004703f202ec0561ffd50157001200dd025d02c402f7ff3f0439030c04a1
0	    1	    3	    1	fbc4fb24fcfdfeeefc33fd98fc58fc13fceef969fb9dfd43fee6fe91fc6bfd9efae3fc72fca0faf801c5ff1e005aff03fa6dfdd8fec500c0fb7c005aff07ffe800e20236024703f001a70354015403df047001cf022300ef01a6030b029700cc0051ff54031402500493ff7600aaffb7005b01d6029f02ceff3e038a023503dc
0	    1	    3	    1	fbc4fa5efc37fe49fb7ffd7bfba1fb46fcedf890fb99fce3fe26fe6dfbd6fd5cfaacfbb8fbadfa1a0129fe50fffbfe56fa12fd56fe3e009bfb530059fe58ff1100e202fc030d0495025b0371020b04ac047102a80227014f0266032f032c010e0088000e0407032e052f00440109006400b60258032602f3ff67038b02e404b3
0	    1	    3	    1	fbe2fb29fc43fedafbb7fe12fc64fb51fdb8f971fc43fcf0fe88ff3afc14fe46fb4cfc01fbd2faec0139ff350080ff51fa2ffde2fed40153fb6d0105ff1cff1100c4023103010404022302da014804a103a601c7017d01420204026202ee0024ffe8ffc503e2025c051fff5f0084ff69009901cc0290023bff4d02df022004b3
0	    1	    3	    1	fbd4fb0bfb78fecefb26fddafbcdfa8efdadf8a6fb62fc46fe7bfed8fb47fe08fa62fb61fb89fac70067ff25ff9bfeccf934fdc5fe4800bdfab500ebfe70fe4d00b60213023603f8019202a200b103de039b00fc009c009801f702000221ffe6fefeff2503990237044dff4fff9ffee4ff9e01af020401a5fe9502c5017403ef
1	    1	    3	    1	fbd4fafdfb5afe03fb1afd49fb95f9f7fceaf89bfa97fb65fdd1fecbfae5fd3bfa24fa77fae9fa7e0042fe53ff8bfde7f8affccafe2b0031fa1f0033fe56fda100b602050218032d018602110079034702d800f1ffd1ffb7014d01f301bfff19fec0fe3b02f901ee0428fe7dff8ffdffff1900b401e70119fdff020d015a0343
0	    1	    3	    1	fad4fbcdfc98fa3efe4efb6afc77f9e8fbbbfae4fedafc50fb91fce2fd35fd5afcfefb8ffcf3fd39fbcdfe25fcfffcd6fe04fc9bfc8afd29fb33fb0bf91afd27ff18fb23fcccfccafb52fe30faddfa86fa8ff9aefb48fcbcfe0bfca6fbb1fd24fb10ff3bfa43f993ff9ffbc5ffb1ff3afdc0fbdbfff0ffddfb21fe21fcb8fd7d
1	    1	    3	    1	fad4fbdbfcb6fb09fe5afbfbfcaffa7ffc7efaefffa5fd31fc3bfceffd97fe27fd3cfc79fd93fd82fbf2fef7fd0ffdbbfe89fd96fca7fdb5fbc9fbc3f934fdd3ff18fb31fceafd95fb5efec1fb15fb1dfb52f9b9fc13fd9dfeb5fcb3fc13fdf1fb4e0025fae3f9dcffc4fc97ffc1001ffe45fcd6000d0069fbb7fed9fcd2fe29
0	    1	    3	    1	03000139fcea020201dc01de026dfef80213ffa20038febaff91008cfe95fe58014401d7fe7bffef0145ff81003f0140ff760355ff78003b0091ffe7fd2e009dfa5ef99ffc20fc6cfbf2fa82fc4dfae2fb9ff910fb3afdb6faf5fbecfdd9fa8efc66f7cffd0dfbfdfb35faa7fccbfbc8fdc4fa65fc24fd7900affbd7fce4fbd5
1	    1	    3	    1	03000147fd0802cd01e8026f02a5ff8f02d6ffad0103ff9b003b0099fef7ff25018202c1ff1b0038016a0053004f0225fffb0450ff9500c70127009ffd480149fa5ef9adfc3efd37fbfefb13fc85fb79fc62f91bfc05fe97fb9ffbf9fe3bfb5bfca4f8b9fdadfc46fb5afb79fcdbfcadfe49fb60fc41fe050145fc8ffcfefc81
0	    1	    3	    1	ffd6003301a2fff20066fd1efc61ff9cfbf3ffa2fede0240fe45fd0800c5fc96fc120079ff5902a501d1fe3bfcc50016fe62fe6dfec60121ff3dfefdfdd20149fd4e00edff5cfcfcff80fe7afe05fd94faf3fe82feaefd64fdadfe6800db006efd4c0087fde900dbfde3fe9ffe3fff60ff88fca1fe8200f30009fff9ff16fd2b
1	    1	    3	    1	ffd6004101c000bd0072fdaffc990033fcb6ffadffa90321feeffd150127fd63fc500163fff902ee01f6ff0dfcd500fbfee7ff68fee301adffd3ffb5fdec01f5fd4e00dfff3efc31ff74fde9fdcdfcfdfa30fe77fde3fc83fd03fe5b0079ffa1fd0eff9dfd490092fdbefdcdfe2ffe7bff03fba6fe650067ff73ff41fefcfc7f
0	    1	    3	    1	ff3e001d0006fca8fc04fe0cfe0df9b800a7fa34fece0018fde9fddaff05fd2afc44fe3bff6dfbb5ff85fc59fd6bfdb8fc34feb9fe32fe85f949fee7fb5afe6d053004e5070004de053005220459090604b9044806ee0764054706820341038807f607350927047f0467023f04bb04dc060603ed04340491070d054b080803a7
1	    1	    3	    1	ff3e000fffe8fbddfbf8fd7bfdd5f921ffe4fa29fe03ff37fd3ffdcdfea3fc5dfc06fd51fecdfb6cff60fb87fd5bfcd3fbaffdbefe15fdf9f8b3fe2ffb40fdc1053004d706e20413052404910421086f03f6043d06230683049d067502df02bb07b8064b088704360442016d04ab03f7058102f2041704050677049307ee02fb
0	    1	    3	    1	03ac06f9088c04cc07620414044706e203b307700662079004bd026404af046804a6089708bb051f053d033b04d504280630026105e40233024d029505e8048f027c028700a804f8015c07520157fef604310446032c021602bb01ecff6303c801a401b5016b01f3022b028fffaf015e00c0006f00d60305ffc301cb030e023b
1	    1	    3	    1	03ac070708aa0597076e04a5047f07790476077b072d0871056702710511053504e40981095b05680562040d04e5050d06b5035c060102bf02e3034d0602053b027c029500c605c3016807e3018fff8d04f4045103f702f7036501f9ffc5049501e2029f020b023c02500361ffbf02430145016a00f3039100590283032802e7
0	    1	    3	    1	ff0a006700460156ff40ff3002df02180049020cff5800d2035300b0035f01f0fe6c02b5009b0375008fffd301d5019201aa023bff24ffa5fc7bfe21ffc20013fc84fa37fadafc3ef818fb84f8edf8cef7e7f924f97afd56fc05fbccf987fb86f90efa25fb81f92ffd23fa95fcbffa64fbc0fbb1f9b6fc27f893f997f9f8fa07
1	    1	    3	    1	ff0a00590028008bff34fe9f02a70181ff860201fe8dfff102a900a302fd0123fe2e01cbfffb032c006aff0101c500ad01250140ff07ff19fbe5fd69ffa8ff67fc84fa45faf8fd09f824fc15f925f965f8aaf92ffa45fe37fcaffbd9f9e9fc53f94cfb0ffc21f978fd48fb67fccffb49fc45fcacf9d3fcb3f929fa4ffa12fab3
0	    1	    3	    1	ffba0059fdcc01b801940040023bfefe01a5ff52ff66ff1c01ef02300101001c018cfd8b006300cb01cb00bd013bfefa0138027dfffefd29ff69fe45fe0effcfff1cfe3bfbd8fa52fac2fc46fbf9f928fe31fe82ffd0fd42fa83fa3efbf3fcd2fdaafe13f96dfc11fc35fcb3fe4bfb84fd48fdd9fcf2fcc7fc6dfcb7f8bcfb45
1	    1	    3	    1	ffba004bfdae00ed0188ffaf0203fe6700e2ff47fe9bfe3b01450223009fff4f014efca1ffc3008201a6ffeb012bfe1500b30182ffe1fc9dfed3fd8dfdf4ff23ff1cfe2dfbbaf987fab6fbb5fbc1f891fd6efe77ff05fc61f9d9fa31fb91fc05fd6cfd29f8cdfbc8fc10fbe1fe3bfa9ffcc3fcdefcd5fc3bfbd7fbfff8a2fa99
0	    1	    3	    1	fae8f851f666fbc0f754f7faf507f84af543f728f8f2f7cefa19f93ef6fffaa0f972f675f829f95df987fb21f9f3fa24f72af717f7b4f93ff90bf979f8e0fc0bfd6cfe2ffe9e0008035c00760131ff780019ff2effa600060187ffb403c1fe4602640097ff7d0345000bff3b031701f2012c02d5024a010b0225fff5ff0801a1
1	    1	    3	    1	fae8f843f648faf5f748f769f4cff7b3f480f71df827f6edf96ff931f69df9d3f934f58bf789f914f962fa4ff9e3f93ff6a5f61cf797f8b3f875f8c1f8c6fb5ffd6cfe21fe80ff3d0350ffe500f9fee1ff56ff23fedbff2500ddffa7035ffd790226ffadfedd02fcffe6fe690307010d00a701da022d007f018fff3dfeee00f5
0	    1	    3	    1	fc52fc67fbbcfe6efcc4fdeefdc1feecfd4dfe22fcd8fbc600afffecfe3301aafcc2fd33ffbdff95faa7fe9dfe710134ff8c0177fc24ffcffc97fcb5fcf4fb79016c0017fddafe5a001efd4affc10008fd21014efe9cffdefdffffdeffb5fe360002fe07ffdd00e7fe9bfe3dfeabfee600840171ffcafdc70079fd1bfdbafe71
1	    1	    3	    1	fc52fc59fb9efda3fcb8fd5dfd89fe55fc8afe17fc0dfae50005ffdffdd100ddfc84fc49ff1dff4cfa82fdcbfe61004fff07007cfc07ff43fc01fbfdfcdafacd016c0025fdf8ff25002afddbfff9009ffde40159ff6700bffea9ffeb0017ff030040fef1007d0130fec0ff0ffebbffcb0109026cffe7fe53010ffdd3fdd4ff1d
0	    1	    3	    1	fac6ffeffe5afcb4fd4afc96feaffc7cfa79fd28ffeefb80fdd3fa88fd61ff22fb6efd0bfd3bfc910181feddfeeffcdcfc30fdcbff14fe8bfcfdff07fdf8ffa5fd98fb6bff20fa90fccafac2fa03fd74fd55fbeefcacff30fc6ffd46ff55fdf4fafefbf5fc3dfb5bfbb3fce1fa45fe3efbd4fc65fca6ffb9fe1dfe57fcd0fd2d
1	    1	    3	    1	fac6fffdfe78fd7ffd56fd27fee7fd13fb3cfd3300b9fc61fe7dfa95fdc3ffeffbacfdf5fddbfcda01a6ffaffefffdc1fcb5fec6ff31ff17fd93ffbffe120051fd98fb5dff02f9c5fcbefa31f9cbfcddfc92fbe3fbe1fe4ffbc5fd39fef3fd27fac0fb0bfb9dfb12fb8efc0ffa35fd59fb4ffb6afc89ff2dfd87fd9ffcb6fc81
0	    1	    3	    1	00bc0141023401da02b80360fdc3018affb500c6022cffb00079014000a90192ffa0fff3026902170495ffad015101760390ff9d040c04e30251012d01e4ffabfe36fd5dfddefe4afc70fee6fc41fd8cfde1fbc6fd8efd8afebdff50fd1ffe9efd56fd5ffe4bfc29fc0dfc15fe9ffdfa0110fb69ff9cfefffdd9fc27fc18fa33
1	    1	    3	    1	00bc01330216010f02ac02cffd8b00f3fef200bb0161fecfffcf0133004700c5ff62ff0901c901ce0470fedb01410091030bfea203ef045701bb007501cafefffe36fd4ffdc0fd7ffc64fe55fc09fcf5fd1efbbbfcc3fca9fe13ff43fcbdfdd1fd18fc75fdabfbe0fbe8fb43fe8ffd15008bfa6eff7ffe73fd43fb6ffbfef987
0	    1	    3	    1	00f801cf0092ff1e00f6ffcc0219fe96018d009afe96ff080183ffc6000d0016fd800031fed100df0055022101ab0234fe3c02ef01060171fde700b70198ffed01660265023a00ee018c02660025068eff73035402c4009e03b9049a03a9030c0296035304d9020f02b100cf03e103f0033e025502f0023502650165052c029d
1	    1	    3	    1	00f801c10074fe5300eaff3b01e1fdff00ca008ffdcbfe2700d9ffb9ffabff49fd42ff47fe3100960030014f019b014ffdb701f400e900e5fd51ffff017eff4101660273025801b9019802f7005d07250036035f038f017f046304a7040b03d902d4043d0579025802d601a103f104d503c30350030d02c102fb021d05460349
0	    1	    3	    1	fdc4fde3fd8affaaff54011effbffeb000210014ff40fe0e027b0234fee70494ffdcffc5fe1bfba7ffbb00d70271017200b2002f01ee0081fde7ffedff7cfcd702ba066503d604f40640065e067903d206ff05b4048a036a021b04200525054e051402d706250661040f0497020d005804340329006601d504b305e305480421
1	    1	    3	    1	fdc4fdd5fd6cfedfff48008dff87fe19ff5e0009fe75fd2d01d10227fe8503c7ff9efedbfd7bfb5eff9600050261008d002dff3401d1fff5fd51ff35ff62fc2b02ba067303f405bf064c06ef06b1046907c205bf0555044b02c5042d0587061b055203c106c506aa04340569021d013d04b90424008302610549069b056204cd
0	    1	    3	    1	feb4ffcdfebcff6efc8201b0fd45ff840135ff4e0286fdae017d0016fecf02d6fed8fedfffa5fea300cb00f9fe29ffc2feb4ff71ff7a019bfdb70299ffc201dbfcbafd9dfc30faf2fe98fab8fc9dfd4efa73fea0008efd7afce3fac200c3fcaefd24fd7dfb450157fcb7fc7dfd23f944ffe4fd71f9e2fcdb0159fc21fae600b1
1	    1	    3	    1	feb4ffbffe9efea3fc76011ffd0dfeed0072ff4301bbfccd00d30009fe6d0209fe9afdf5ff05fe5a00a60027fe19feddfe2ffe76ff5d010ffd2101e1ffa8012ffcbafdabfc4efbbdfea4fb49fcd5fde5fb36feab0159fe5bfd8dfacf0125fd7bfd62fe67fbe501a0fcdcfd4ffd33fa290069fe6cf9fffd6701effcd9fb00015d
0	    1	    3	    1	ffd0ff9bfd3efcf0fbc4ffdcf9e9fe42fc9bfdc0fddcfd2c0033fc0afc130084f9a8ffb5fc09fe2dfd33fd29fe13fe34fd3cfdd7fd50fef7fc210019fdecf93dfdc202b903dc01f80150fe1800a5027200bb061c0452035e007700d8009900a60120ff4d0323ffdb0017017f001900920034fdcf0430006bffbbfc9f009200f3
1	    1	    3	    1	ffd0ff8dfd20fc25fbb8ff4bf9b1fdabfbd8fdb5fd11fc4bff89fbfdfbb1ffb7f96afecbfb69fde4fd0efc57fe03fd4ffcb7fcdcfd33fe6bfb8bff61fdd2f891fdc202ab03be012d0144fd87006d01dbfff806110387027dffcd00cb0037ffd900e2fe630283ff92fff200ad0009ffadffaffcd40413ffdfff25fbe700780047
0	    1	    3	    1	0000000000000000000000000000000000000000000000000000000000000000000000000000000000000000000000000000000000000000000000000000000000000000000000000000000000000000000000000000000000000000000000000000000000000000000000000000000000000000000000000000000000000000
0	    1	    3	    1	ffa5ff6dff2dff4dff49ffa4ff23ff28ff39ffc8ff8affaaffdcff4affb2ffc7ff83ffc4ff21ff46ff99ffb7ffbaff11ffdbff62ff99ff78ffa8ffb5ff350000005b009300d300b300b7005c00dd00d800c7003800760056002400b6004e0039007d003c00df00ba00670049004600ef0025009e006700880058004b00cb0000
0	    1	    3	    1	ff5bff12fe9afe7afe96feedfec7fe4bfe61ff01ff52ff34ff86ff26fefcff79ff4aff47fee5fe67fedfff50ff71fecbfeecff3dfefbff11ff20ff5dfeeaff3500a500ee01660186016a0113013901b5019f00ff00ae00cc007a00da0104008700b600b9011b0199012100b0008f0135011400c3010500ef00e000a3011600cb
0	    1	    3	    1	ff5bfec8fe3ffde7fdc3fe3afe10fdeffd84fe29fe8bfefcff10fed0fed8fec3fefcff0efe68fe2bfe00fe96ff0afe82fea6fe4efed6fe73feb9fed5fe92feea00a500a4010b00f3009700600082015900c20027ffe700940004008400e0ffd100680080009e015d0042fff6002800ec00ceffd400e000510079001b00be0080
0	    1	    3	    1	fed5feabfe0afddefce8fde8fd1dfda3fc98fd2cfdabfef9fe7afe87fdf0fe8dfe1dfef5fe43fd41fd78fe14fea8fda3fe6efe2afdecfdc1fe23fe3ffe54feea001f008700d600eaffbc000eff8f010dffd6ff2aff070091ff6e003bfff8ff9bff89006700790073ffbaff74ffc6000d0096ffb0fff6ff9fffe3ff8500800080
0	    1	    3	    1	fe07fe25fdedfda9fcdffd0dfccbfcb0fc4cfc40fcaefe19fe77fdf1fda7fda5fde7fe16fe2afd1cfc8efd8cfe26fd41fd8ffdf2fdc8fcd7fd71fda9fdbefeac00ed010d00f3011fffc500e9ffe102000022001600040171ff7100d100410083ffbf01460092009800a4fffc0048006f0175ffe8001a00890095001b011600be
0	    1	    3	    1	fe07fef3fe73fdc6fd14fd16fda6fd02fd3ffc8cfd9aff16ff57fdf4fe3dfdeefecffe4cff09fd35fcb3fe76feaefdc3fdf1fed1fe00fcfbfe5bfe5bfe54ff4200ed01db0179013cfffa00f200bc02520115006200f0026e005100d400d700cc00a7017c017100b100c900e600d000f101d700c7005200ad017f00cd01ac0154
0	    1	    3	    1	fd86fe5afdbafd4ffceffd14fd92fce9fd04fc60fca6fec9feb8fd83fd91fcf7fe79fd77fee5fcaffc97fdd5fdf2fcf7fd5bfeb9fd31fc48fe2efe35fe0eff42016e0274023201b3001f00f400d0026b0150008e01e402bb00f00145018301c300fd02510195013700e50187018c01bd026d00df0121016001ac00f301f20154
0	    1	    3	    1	fcbefdd9fd21fc96fc78fceffd90fcd5fcebfc25fc7afdd5fe6bfce4fd20fc4bfd82fd21fe10fc8bfc11fdb9fd51fc3bfc8ffe23fd19fb79fd7bfe08fde8fefc023602f502cb026c0096011900d2027f016900c9021003af013d01e401f4026f01f402a7026a015b016b01a3022d0279033901750139022f025f01200218019a
0	    1	    3	    1	fcbefea1fda2fd2ffd31fd66fdb5fcd7fcfffc3efcb5fe01ff5ffd31fdbffcbcfe2efe18fe66fd60fc35fe3ffd6dfcdcfd4bfeeffdaffb91fe4afebbfe15ff22023603bd034c0305014f019000f70281017d00e2024b03db02310231029302e002a0039e02c00230018f02290249031a03f5024101cf0247032e01d3024501c0
0	    1	    3	    1	fc4dfe69fcfdfc8bfcf3fcb5fd10fbd9fc06fc1dfc2ffd89fe72fc33fd24fbdbfd92fd71fdfefd2efb8bfe0bfc7afc81fc7efe60fd82fb2afe20fe3dfdafff2201c5038502a70261011100df00520183008400c101c503630144013301f801ff020402f7025801fe00e501f5015602bf032801b201a201e00304015501df01c0
0	    1	    3	    1	fba6fdf8fcc5fbe6fc4ffc77fc5ffb34fb08fb24fc0efd03fdfafb46fc26fb40fcb1fcd5fd57fcc6fb59fd61fc46fb8efc23fd93fcf3fafdfdb9fe13fd31febc011e0314026f01bc006d00a1ffa100deff86ffc801a402dd00cc004600fa01640123025b01b1019600b3014b012201cc02cd00e5011301b3029d012b0161015a
0	    1	    5	    1	fba6fd51fc54fbaefbaafbd3fc21fa83fa63fa26fb15fce2fd74facefb39fa42fc16fbf4fcbbfc1ffaf1fd2ffb9cfb5afb30fd38fc26fa6efd8cfdacfd07fe3e011e03bb02e001f401120145ffdf018f002b00c6029d02fe015200be01e7026201be033c024d023d011b017d01cc020003c0014001e0024202ca0192018b01d8
0	    1	    5	    1	fbe5fdcdfcb9fc79fc42fbecfc75faccfb0efacafb83fdb9fe31fbacfc0efaeafc63fbf5fd5efc39faf6fdeefc64fbb4fb80fdc9fc68fb36fe0afe4bfda7fe3e015d0437034502bf01aa015e003301d800d6016a030b03d5020f019c02bc030a020b033d02f002570120023c0294025a041001d10222030a03480231022b01d8
0	    1	    5	    1	fc76fe0cfd35fcdefd0dfc84fc8efb20fb57fb75fc27fe27ff08fc69fcecfbbffd0bfc42fd5ffcdcfb10fdf3fd23fc7cfbdafe19fcf9fb78fed2fec9fe46fede01ee047603c10324027501f6004c022c011f021503af044302e60259039a03df02b3038a02f102fa013a024103530322046a022102b3034c041002af02ca0278
0	    1	    5	    1	fc76fd7bfcf6fc62fca8fbb9fbf6fb07fb03fb2cfb7cfd83fe9afb92fc2ffae1fc36fb9afd12fcdbfa6dfdd9fd1efbbdfb12fdbffca9fae7fe90fe01fdc8fe3f01ee03e5038202a80210012bffb4021300cb01cc0304039f0278018202dd030101de02e202a402f900970227034e026303a201c7026302bb03ce01e7024c01d9
0	    1	    5	    1	fd6bfe15fdaafd40fd54fcb1fc41fb9afbfefbcffc6ffdbfff34fba8fcd6fbd7fc79fc7cfd7dfd86fafcfe05fd4efc43fc03fdfcfd07fbd5fefbfe69fdf1fe3f02e3047f0436038602bc0223ffff02a601c6026f03f703db03120198038403f7022103c4030f03a401260253037e02e90493020402c103a90439024f027501d9
0	    1	    5	    1	fcc3fd20fd10fc8cfc76fc05fb49fb4ffb6bfad4fbccfcccfef8fb0efcc0fb30fb83fc39fc9bfd1bfa51fd76fd22fc13fb7dfd0bfccafb77fe0dfdfefd89fe16023b038a039c02d201de0177ff07025b01330174035402e802d600fe036e0350012b0381022d0339007b01c4035202b9040d01130284034b034b01e4020d01b0
0	    1	    5	    1	fcc3fc78fc1bfbf2fbc2fb27fa9dfa57fb20fa41fad1fc29fe05fad2fc26fb1afadcfb43fc58fc39f9e6fccbfc93fbe7fb4dfc85fbd9fb3afdaffd10fd1efdae023b04320491036c02920255ffb30353017e0207044f038b03c9013a0408036601d204770270041b00e6026f03e102e5043d01990375038803a902d202780218
0	    1	    5	    1	fc1afbcffbb4fbe3fba2fa52fa28f99cfa52f983f9e9fbf1fd7ffa77fbe7fa64fa51fa5dfc48fc03f9acfc74fc92fb66fb38fc1cfba5fad7fcd3fc28fc2cfdae01920389042a035d02720180ff3e029800b0014903670353034300df03c902b001470391026003e500ac021803e00264042801300341032502cd01ea01860218
0	    1	    5	    1	fc5cfc78fc5dfc4afbb1fa72fafdfa11fb0dfa51faa7fcd9fdb7fafdfc42faa3fb07fae8fd2efc13f9e2fcaefce9fb67fbb9fc31fc0efb0bfd36fd04fd14fea001d4043204d303c4028101a00013030d016b02170425043b037b0165042402ef01fd041c034603f500e202520437026504a9014503aa0359033002c6026e030a
0	    1	    5	    1	fc5cfc36fbb4fba1fb4afa63faddf93cfa98f996f9d9fc1bfccffac5fbbcfa48fac8fa32fca3fb2df9d2fc78fcaffb10fbb8fbb0fbf9faa2fd02fca1fc38fdb801d403f0042a031b021a0191fff3023800f6015c0357037d0293012d039e029401be036602bb030f00d2021c03fd020e04a800c4039502f002fc026301920222
0	    1	    5	    1	fccffd06fcb0fc4afc3cfa8dfb5bf953fb63f9f8f9eafcebfdb5fb0bfc99fb3dfb9bfa32fd27fc22fa24fcfefd57fb5afc20fc80fc97fac8fdadfcc2fc7bfdb801610320032e027201280167ff750221002b00fa034602ad01ad00e702c1019f00eb03660237021a00800196035501c40440fff402f702ca02510242014f0222
0	    1	    5	    1	fd04fd79fd80fd46fce5fb7ffb85f9d1fb7afac3fa4cfcfcfe85fbf1fcdffc1afc90fb05fd27fca6fb19fd50fdddfc02fc6afce8fd67fb66fdd3fd6dfc9cfdfb0196039303fe036e01d10259ff9f029f004201c503a802be027d01cd0307027c01e004390237029e017501e803db026c048a005c03c70368027702ed01700265
0	    1	    5	    1	fd04fdaefdf3fe16fde1fc28fc77f9fbfbf8fadafb17fd5efe96fcc1fdc5fc60fd6dfbfafdfafca6fb9dfe45fe2ffc88fd12fd32fdcffc36fe71fd93fd47fe1c0196035e038b029e00d501b0fead0275ffc401ae02dd025c026c00fd02210236010303440164029e00f100f3038901e603e20012035f029801d902c700c50244
0	    1	    5	    1	fc53fceffd79fda5fd99fb86fc6df9affb4cfa9dfa75fd2efe71fc02fdb3fb7afcedfb8dfd66fbe1fb3bfe3ffdf0fbeefd06fc59fdc5fbf5fe02fd5dfcb6fe1c00e5029f0311022d008d010efea30229ff180171023b022c0247003e020f0150008302d700d001d9008f00ed034a014c03d6ff3903550257016a029100340244
0	    1	    5	    1	fc48fc3efcbafd2bfd28fb3efbcbf9a5fb00f9f1fa38fc8cfe41fbddfcf4fb68fc07fb0dfcf9fb4dfa76fdddfdeafbaffc6cfc4dfcecfbebfdc1fceefc80fd8b00f0035003d002a700fe0156ff450233ff64021d027802ce0277006302ce016201690357013d026d0154014f0350018b0470ff45042e026101ab0300006a02d5
0	    1	    5	    1	fc48fc49fd6bfdeafda2fbaffc13fa47fb0afa3dfae4fcc9fee3fc0dfd19fc27fc19fbf3fd79fbbafb0afea2fe4cfbb5fcabfce7fcf8fcc4fdcbfd2ffceffdc100f0035b04810366017801c7ff8d02d5ff6e02690324030b0319009302f30221017b043d01bd02da01e8021403b2019104afffdf043a033a01b5034100d9030b
0	    1	    5	    1	fc66fd14fd77fe7bfddafc46fcd6fa52fbd5fb1efb8efcd6ff45fcdafd57fd11fcb9fc3cfd9efc8cfb1aff87fed1fcb0fcc8fd73fd8efd7cfde5fddbfdb3fdc1010e0426048d03f701b0025e005002e00039034a03ce0318037b01600331030b021b048601e203ac01f802f90437028c04cc006b04d003f201cf03ed019d030b
0	    1	    5	    1	fc74fd32fe42fe87fe6bfc7efd6dfb15fbe0fbe9fc6ffd80ff52fd3cfe24fd4ffda3fcdcfde7fcb1fbecff97ffb6fd35fdc3fd90fe1afe12fe9dfdf5fe5ffe85011c0444055804030241029600e703a30044041504af03c2038801c203fe034903050526022b03d102ca0309051c031105c70088055c048802870407024903cf
0	    1	    5	    1	fc74fd24fe24fdbcfe5ffbedfd35fa7efb1dfbdefba4fc9ffea8fd2ffdc2fc82fd65fbf2fd47fc68fbc7fec5ffa6fc50fd3efc95fdfdfd86fe07fd3dfe45fdd9011c0436053a03380235020500af030cff81040a03e402e102de01b5039c027c02c7043c018b038802a50237050c022c0542ff8d053f03fc01f1034f022f0323
0	    1	    5	    1	fbe3fccefdbcfcddfdeffb2bfc78f9ccfa89fbabfb6bfbaafdc4fcecfd9cfbecfd45fb3efc9dfbfdfad1fe66ff5dfb67fd12fb99fd2cfc98fdeefd1cfe36fdd9008b03e004d2025901c50143fff2025afeed03d703ab01ec01fa0172037601e602a7038800e1031d01af01d804c301430516fe91046e030e01d8032e02200323
0	    1	    5	    1	fc2afd5ffe12fd45fecefb9bfd3afa89fb3bfc3ffb9efbe3feb9fdd0fddffc12fddbfb5efd51fca7fb3cff5cffbcfbb0fdfbfbc5fe28fd69fedcfd35fe57fde80044034f047c01f100e600d3ff30019dfe3b0343037801b30105008e033301c002110368002d0273014400e2046400fa042dfe650372023d00ea031501ff0314
0	    1	    5	    1	fc2afd18fd81fceffe66fabcfccaf9c7fa7efb8dfb0afbb0fe80fcdbfcfbfbcffdb5fac8fd31fbf3fa92fef1fec6fb51fdb2fadcfdfcfc6dfe0bfc47fe3efdc700440396050d0247014e01b2ffa0025ffef803f5040c01e6013e018304170203023703fe004d032701ee014d055a01590476ff4e039e033901bb040302180335
0	    1	    5	    1	fce0fe15fdd0fd3bfea4fadafd8ffa23fb1ffbe1fb28fc08ff22fd2afd4efbdafe72fb3efd53fc5efb3cffcaff46fbb5fdc8fbbdfef2fcdafe4efd3bfe7ffdc7ff8e029904be01fb01100194fedb0203fe5703a103ee018e009c013403c401f8017a0388002b02bc0144007404da00f50460fe6d02a802cc0178030f01d70335
0	    1	    5	    1	fc11fd5ffcd3fcecfe58fa9cfd71f95efac3fb40fad4fbeafecafc88fcfffb87fe67fa81fcddfc3cfad1ff20fe6dfb35fd64fba7fe11fbe4fde1fcf8fd8bfd86febf01e303c101ac00c40156febd013efdfb0300039a017000440092037501a5016f02cbffb5029a00d9ffca0401007503fcfe5701c701d6010b02cc00e302f4
1	    1	    5	    1	fc11fc90fc1dfbeffe09fa50fd33f940f9fefae4fa33fb96feacfc30fc5dfb38fe14fa76fc20fbc6faaffeb5fdc3fa5cfce4fb43fdfbfb03fcebfc8bfd48fc92febf0114030b00af0075010afe7f0120fd3602a402f9011c0026003a02d30156011c02c0fef8022400b7ff5f0357ff9c037cfdf301b100f50015025f00a00200
0	    1	    5	    1	fab9fbb5fd7df9beff06fb48ffe9feacfbbffa64fceaf912fdaafb7afc69f785fce1fc65fe1dfc30fdc7ffd2ff13faadfd7cfc27ff59fc96fcd1fc44fd3bfcc0ff97fdbbfd89fd24fd14fa9efd5bfb60fda1fa80f8c4fc1afc380186fbb1fc8dff75f8d3ffd9fbccfa6dfcc8ff03fe7bfbdcfc41fcd5fad4fd57fa18ff9bfd20
1	    1	    5	    1	fab9fc84fe33fabbff55fb940027fecafc84fac0fd8bf966fdc8fbd2fd0bf7d4fd34fc70fedafca6fde9003dffbdfb86fdfcfc8bff6ffd77fdc7fcb1fd7efdb4ff97fe8afe3ffe21fd63faeafd99fb7efe66fadcf965fc6efc5601defc53fcdcffc8f8de0096fc42fa8ffd33ffadff54fc5cfca5fcebfbb5fe4dfa85ffdefe14
0	    1	    5	    1	00e7009bfc9dfd08ff3a019801e700b801c701c40008fe08fcf0043e022fff8b03390143ff0fff740133ff30008300ed03c6feaf005900be0233019800c3000efc9ffbe7fbdbfbaafc24f940f92bf88ef9fbfdd2fb06fb22fcf2fb36fccffd7ffb5df909fa97fe6af8effc32fd61fc79fa18f9ddfe61fabcfa5dfb40fbfffdf0
1	    1	    5	    1	00e7016afd53fe05ff8901e4022500d6028c022000a9fe5cfd0e049602d1ffda038c014effccffea0155ff9b012d01c60446ff13006f019f0329020501060102fc9ffcb6fc91fca7fc73f98cf969f8acfac0fe2efba7fb76fd10fb8efd71fdcefbb0f914fb54fee0f911fc9dfe0bfd52fa98fa41fe77fb9dfb53fbadfc42fee4
0	    1	    5	    1	0147fbfbff9700760070fce2fdd9ff76ff0100c4fe3c0126fe8efffc0183ff89fbc9fe23ffd9feb0ff3d00340215ff0dfe4afe69fe65026eff59fcde007f0076fe5dfeb7fd45fecc006efea0ff6b006a001bff3cfceafbd8fece0230fe37fc21fbc1fcbfffb9007afceb008e0083ff6ffa0a00ef00870014fd03fdd20063fd72
1	    1	    5	    1	0147fcca004d017300bffd2efe17ff94ffc60120fedd017afeac00540225ffd8fc1cfe2e0096ff26ff5f009f02bfffe6fecafecdfe7b034f004ffd4b00c2016afe5dfde8fc8ffdcf001ffe54ff2d004cff56fee0fc49fb84feb001d8fd95fbd2fb6efcb4fefc0004fcc90023ffd9fe96f98a008b0071ff33fc0dfd650020fc7e
0	    1	    5	    1	fdabfdc90021fb84fd2cfc36fccd0044fd41fef0ff9c0038ff46faa20077fcc5fd83fd81fd27ff80fd15fb74000df9a30262f85fff95faa0fe13fc62fdd902d6040505c70697041c041005ac040106be051f09ea07fa03a005ac066206830775048307a702a906be05130404055704bb040801e7079f080e029d04b405a70294
1	    1	    5	    1	fdabfcfaff6bfa87fcddfbeafc8f0026fc7cfe94fefbffe4ff28fa4affd5fc76fd30fd76fc6aff0afcf3fb09ff63f8ca01e2f7fbff7ff9bffd1dfbf5fd9601e2040504f805e1031f03c1056003c306a0045a098e0759034c058e060a05e107260430079c01ec064804f1039904ad03e2038801830789072d01a70447056401a0
0	    1	    5	    1	02db052905df05c803b6035608530608074f05ba063e08880616056c04010541054d043d076f04d0052b078804c705cf03b60701045706a8043304b804af0382015301c1017b01c602b401f0023103f400bd024601c6013c042404020227015b056f01d1001f0490027b014a026b048b02080243028100f00215028a02e102a8
1	    1	    5	    1	02db05f8069506c5040503a2089106260814061606df08dc063405c404a3059005a00448082c0546054d07f3057106a804360765046d07890529052504f2047601530290023102c30303023c026f0412018202a2026701900442045a02c901aa05c201dc00dc0506029d01b503150564028802a7029701d1030b02f70324039c
0	    1	    5	    1	0409027500f5fea2ff7c004afe550216008f00f6017601500212ff1c009d0235ff7d01df001d0048febd02dc0223ff45014e01dd00c1018c039900b6fed5ff14fcbdfb5bfa49fb26fa28fa2cf991fc8ef93ffac8f8eaf858fba4fadef7f1f9dbf81ffb0dfb85fc36f97ffd12fa11fbb3fa54f9fffaa9fb72fa2bf9befce5fc32
1	    1	    5	    1	040901a6003ffda5ff2dfffefe1701f8ffca009a00d500fc01f4fec4fffb01e6ff2a01d4ff60ffd2fe9b02710179fe6c00ce017900ab00ab02a30049fe92fe20fcbdfc2afafffc23fa77fa78f9cffcacfa04fb24f98bf8acfbc2fb36f893fa2af872fb18fc42fcacf9a1fd7dfabbfc8cfad4fa63fabffc53fb21fa2bfd28fd26
0	    1	    5	    1	00270261ff4300b80144032402b9fe96013d00b4003cff00fdea01800207fff303e700a3ffa300f203b1ffe6ffd1014f03c8001300a3012600c102befde9fedefebbfcb7fae7f998f9bcfcb6fc57ff8efd4dfbfafd40fb36fe06fb4af8d1f9d5fa17fd83fbcdfcd6fbedfdc2fbb7fab5fad2fc8bfc7bfb10fd87ffd0fe87fdea
1	    1	    5	    1	00270192fe8dffbb00f502d8027bfe7800780058ff9bfeacfdcc01280165ffa403940098fee6007c038fff7bff2700760348ffaf008d0045ffcb0251fda6fdeafebbfbe8fa31f89bf96dfc6afc19ff70fc88fb9efc9ffae2fde8faf2f82ff986f9c4fd78fb10fc60fbcbfd57fb0df9dcfa52fc27fc65fa2ffc91ff63fe44fcf6
0	    1	    5	    1	fa47f735f64df7c8f768fa00fa11f72ef67ff88ef694f6e6f8c4f9f8f755f773f7b3f70df627f962fa87f834fa05f9bff5a8f8b5fa87f9a0f643fc06f8c5fba6feffff1700d300b2014a023e015702dc0023028c0140ff76ff7e015401b70089fff30159fe1900b602c7036e04a3fe2b011a006d01c90326fff501ceffb5ff18
1	    1	    5	    1	fa47f666f597f6cbf719f9b4f9d3f710f5baf832f5f3f692f8a6f9a0f6b3f724f760f702f56af8ecfa65f7c9f95bf8e6f528f851fa71f8bff54dfb99f882fab2fefffe48001dffb500fb01f2011902beff5e0230009fff22ff6000fc0115003affa0014efd5c004002a5030303f9fd52009a000901b30245feff0161ff72fe24
0	    1	    5	    1	febfff87ff4dffa8fea8fed0fb87fd8afcd1fb86fc90fb3afe78fcc0fd29ff4dfce7ffcffd9f01eafd03fe16fd2bfd85fc2a01e3fe43fbf8fc75fe06fa39fbd201350081fd73fda0ff1aff840187010403af032cfed40022fc5600180023ff41fe15fd45ffcdfe08ffd5005efed3fe8dfed600bdfed1ffaa00f3025800af0010
1	    1	    5	    1	febffeb8fe97feabfe59fe84fb49fd6cfc0cfb2afbeffae6fe5afc68fc87fefefc94ffc4fce20174fce1fdabfc81fcacfbaa017ffe2dfb17fb7ffd99f9f6fade01350150fe29fe9dff69ffd001c5012204740388ff750076fc74007000c5ff90fe68fd50008afe7efff700c9ff7dff66ff560121fee7008b01e902c500f20104
0	    1	    5	    1	fbffff2bfcdbfc6afc4afc9efda5fb9afeebfd4cfa7afdcefe54fa44fdc7fbd9fbadfbeffd65fef2fd01ff1cfe91fccffcf8ffc30001fb30fdbbffe0fc5b0112fe77fc91ff8ffc94fe98fab8fac9fd4afc01fe64fd70fcd2faf0fbeafb4dfde7fa01f9cbffb5fd34fb6ff99efe57f95dfbb6fc4dfa21fc0afc25fa1c004dff5e
1	    1	    5	    1	fbfffffafd91fd67fc99fceafde3fbb8ffb0fda8fb1bfe22fe72fa9cfe69fc28fc00fbfafe22ff68fd23ff87ff3bfda8fd7800270017fc11feb1004dfc9e0206fe77fbc2fed9fb97fe49fa6cfa8bfd2cfb3cfe08fccffc7efad2fb92faabfd98f9aef9c0fef8fcbefb4df933fdadf884fb36fbe9fa0bfb29fb2ff9af000afe6a
0	    1	    5	    1	010701d5037903dc0368fdac0143ff6a011700f8ff7c0296042001c403d9ffe902ebfff10265036cfd6f0286029b04affea4009b047b006200cf002e034f0184feedfd93fe9fff02fd96fc80fe43fc3afe43fbecfe6afc3efd68fe3afe95fcd50059fd61fe8dffd2fc63fd22fd5100a9fbd0fc6bfdd7fc14faf7fc32fe31fd1e
1	    1	    5	    1	0107010602c302df0319fd600105ff4c0052009cfedb02420402016c0337ff9a0298ffe601a802f6fd4d021b01f103d6fe2400370465ff81ffd9ffc1030c0090feedfcc4fde9fe05fd47fc34fe05fc1cfd7efb90fdc9fbeafd4afde2fdf3fc860006fd56fdd0ff5cfc41fcb7fca7ffd0fb50fc07fdc1fb33fa01fbc5fdeefc2a
0	    1	    5	    1	007bff4f00ffff12fdae002800c3027a0275fe1c037602faff66ff3a02f70089ffbd01fdff09fea4ff91fe940119008d0232ff0dfd93ffd4021b021e02b502e401a902ef054706a602c8033802c102ba0403002202920486020c02c60293036f00e103cd053f017c01db03b8017102b500e40493016703680169019802330132
1	    1	    5	    1	007bfe800049fe15fd5fffdc0085025c01b0fdc002d502a6ff48fee20255003aff6a01f2fe4cfe2eff6ffe29006fffb401b2fea9fd7dfef3012501b1027201f001a903be05fd07a30317038402ff02d804c8007e033304da022a031e033503be013403d805fc01f201fd0423021b038e016404f7017d0449025f020502760226
0	    1	    5	    1	008103d900bb022c0120002601e5fb78ffd9fc4afc96fff8ff7a00fcffa5ffb1057ffec9013b0068ffd7ff8cfd8b0121ff420281ffa9fbacfee3ffeafe9ffd2a00b704070237047406a006c805f9059c055307c4061a047604de02ca058902d7035b03cf0231079405b70410029104d5055a04d5062105f404d3066601b503d2
1	    1	    5	    1	0081030a0005012f00d1ffda01a7fb5aff14fbeefbf5ffa4ff5c00a4ff03ff62052cfebe007efff2ffb5ff21fce10048fec2021dff93facbfdedff7dfe5cfc3600b704d602ed057106ef0714063705ba0618082006bb04ca04fc0322062b032603ae03da02ee080a05d9047b033b05ae05da0539063706d505c906d301f804c6
0	    1	    5	    1	ff87012702c50014005aff1efd3dfe2cfc51fe3efd8800d6012afb06ffd1fec301970059ff7501b00129fc50ffd3fd3500c8ff7b01e9fc18feb7ff24fce30236fcd1f99bfba1fcbafdc200fafc7b00ccfc2bfe3e00bcfd16fdccfaaafd35fdb9f93500effbf7fcf8fed1fdd2fc17fd19fcd6fbf3fd4dff6cfc8ffe4aff21015a
1	    1	    5	    1	ff870058020fff17000bfed2fcfffe0efb8cfde2fce70082010cfaaeff2ffe740144004efeb8013a0107fbe5ff29fc5c0048ff1701d3fb37fdc1feb7fca00142fcd1fa6afc57fdb7fe110146fcb900eafcf0fe9a015dfd6afdeafb02fdd7fe08f98800fafcb4fd6efef3fe3dfcc1fdf2fd56fc57fd63004dfd85feb7ff64024e
0	    1	    5	    1	0111fe8bfc1bfeeefa02fb02fd65fdacff53fb0afc200144fd02fafefa2ffeb5fbd1fc830103fe06fc0bfdfafbcdff35fabe016bfa3dfd1afbcffca4feb7fe88ffa301c1023bff76fecefd8e017b0050012100f0018c0184036c00bc02e7fe9501af021b00c3ff12ff7d028e01dfffd5fed201c3008f0016005704fe027b018a
1	    1	    5	    1	0111fdbcfb65fdf1f9b3fab6fd27fd8efe8efaaefb7f00f0fce4faa6f98dfe66fb7efc780046fd90fbe9fd8ffb23fe5cfa3e0107fa27fc39fad9fc37fe74fd94ffa300f20185fe79fe7ffd42013d0032005c009400eb0130034e00640245fe46015c02100006fe9cff5b02230135fefcfe52015f0079ff35ff61049102380096
0	    1	    5	    1	0000000000000000000000000000000000000000000000000000000000000000000000000000000000000000000000000000000000000000000000000000000000000000000000000000000000000000000000000000000000000000000000000000000000000000000000000000000000000000000000000000000000000000
