008135 028328 029139 048016 060856 017534 037717 053571 026476 023947 006115 010179 032373 016060 056347 063306 063144 034926 016852 041726 024432 010701 030401 048654 004832 032575 023604 065410 048893 029707 055304 004003 
029157 054859 028796 019516 007446 053950 061938 004999 024114 020540 006234 025099 003245 037691 031418 018207 005625 026250 004144 050956 019854 031305 022800 003466 050818 063449 038410 048553 062422 028865 001893 036199 
047775 036140 049866 025104 043159 009013 039972 055593 024520 055468 022322 050079 011767 030844 008016 051690 035266 016270 009350 060030 059102 005422 024546 030664 014874 009396 004802 041073 017449 057767 033205 041188 
012159 012381 038483 053305 019706 011947 031787 056007 037978 062502 026079 017063 002091 052777 037655 037074 020673 063007 034553 040915 011163 018390 036773 003525 028153 015016 027295 059706 007658 048713 040167 054816 
002830 019439 045361 049718 053117 044911 005643 062249 035006 010120 018621 037831 052198 022112 052808 047680 043389 028697 001536 050753 015681 025405 058827 062614 064777 021981 028805 014242 062193 035622 006029 033399 
024335 042881 029444 025119 017922 060029 046450 026830 009205 055596 004831 017681 025331 008905 063254 023013 011322 027294 040432 005514 021205 028761 043144 018045 049414 020408 006352 055690 044681 039636 057353 009928 
039591 031684 043844 035359 032889 003067 049706 041480 005748 064506 039826 007408 037261 037382 060444 059993 008639 029825 041125 050951 035804 016663 046839 031266 062088 041541 029019 022243 040098 018957 057876 044224 
025077 050036 046377 038766 010337 015674 045976 049744 014076 051253 006734 047324 020649 061912 003632 009349 008943 022867 041872 064447 062635 024003 064705 003173 034677 007683 061309 061622 042350 050298 000824 048779 
023280 058272 001338 000363 061453 014573 016678 058924 027108 029356 010971 033620 042319 005496 048210 039044 006997 010817 053896 049137 057306 007786 059665 047708 049200 047915 057092 049225 020883 018501 051336 016367 
026434 042353 030532 015889 064521 013173 046509 049694 038624 062253 046744 032307 045603 054421 007650 014884 051345 032380 033500 013680 003469 028380 034812 031279 011424 059023 050058 010564 061016 016286 031376 041026 
007225 024779 012192 031211 011446 007094 049556 037984 033454 015247 038152 023640 024538 032949 009680 047343 017386 061325 027630 048438 013107 038958 006470 043007 014702 004247 024099 021405 050776 040770 004443 043900 
039576 049578 035889 008777 014559 049691 061557 018705 061610 051908 061786 029031 032745 011217 012507 065497 048408 035168 016501 022866 007439 012840 004010 025234 037107 047503 005718 049251 056521 054923 002149 042286 
061358 049260 000082 055852 003663 037250 002568 008579 049724 030316 047055 050104 012026 009936 048385 060785 030823 053764 035349 016355 045914 038362 026273 002194 025148 022154 034602 029625 040957 057951 019827 006613 
057423 015363 054159 053264 058333 015425 064527 014806 036617 048741 063984 060984 021908 043958 012748 054380 012491 014382 027172 035541 061191 006659 005766 047849 040225 034123 035449 039245 017253 060630 058534 061858 
034999 022101 032760 040139 040385 015738 022066 043146 058720 005703 054905 063248 041102 042274 048406 050763 045852 060976 025665 055719 003777 000608 059451 031966 047279 022508 037780 063615 006084 007175 058852 031163 
063688 042474 031531 044906 035056 028933 034486 025691 001668 041218 048927 035400 041215 028799 055719 012708 034434 000738 047114 014792 057667 065264 051516 000120 051160 025532 044012 020563 014976 021456 022630 006221 
043695 013460 037540 012449 058196 021115 049068 063851 030864 056344 026560 054267 063643 044299 057288 017485 024767 031750 010333 014053 048299 054183 056283 064813 001508 057795 001621 037522 056919 015453 054359 016950 
048792 064386 057308 039611 014400 048535 050844 037695 027288 046505 015131 053448 049393 058211 058065 054351 037256 050154 062175 016575 062725 032774 043563 058247 003122 030491 003608 001807 011397 009795 056838 041575 
060420 018119 048762 041685 043238 008707 056432 031852 003845 060452 012633 015896 053017 051454 060976 011000 044085 003287 061245 021310 024027 048516 065448 023116 017347 059459 020371 002054 036414 045230 017589 000722 
017798 037344 037948 042778 003901 001455 031132 051159 052370 022496 007937 003480 030300 062204 009597 063879 046137 033109 046828 030414 038716 027572 012633 059613 013686 039493 009861 014924 054478 037551 029652 001936 
026198 053415 059490 043044 048613 065434 050553 025916 003148 002228 019717 026008 002190 032072 000632 002086 039036 012360 043144 034006 026744 023953 025468 028106 036800 007079 045059 042763 029631 063965 060468 011294 
016873 058675 038043 027295 007984 057764 058158 029153 025574 002759 062475 035466 046337 053151 010412 002872 021076 047880 043469 047346 014629 028553 016081 064137 061432 041812 037959 063955 008600 023585 058278 051731 
056631 008630 056208 049556 002618 034311 027020 031653 049946 003706 037541 039852 045789 052537 042322 036119 050455 052754 031414 036226 049783 029745 008910 059243 010344 061479 053105 053212 001357 024628 051208 054223 
001235 013846 000604 000164 029629 020832 000531 062594 008413 065447 039742 054373 000530 055681 012495 052477 041287 003425 030373 063673 050832 020907 056239 005405 022878 064872 011197 059634 005249 063112 012025 060287 
006255 017473 044989 042148 026310 003818 021944 016210 055575 029376 012391 057315 037793 004770 046536 013683 023457 038585 054670 053261 002393 020341 032422 059708 055531 019411 034959 022179 054309 021251 044181 062296 
061152 020758 053016 009780 031697 051948 023737 055722 058772 007850 019080 001157 012891 012154 028037 021567 001487 047026 036687 000170 008489 033116 049511 022121 002917 018961 041631 021501 002165 034447 041828 033138 
053184 057186 018384 051920 063487 062709 054622 010877 058993 034975 007892 033859 026048 051754 048116 011961 010127 063800 025650 003384 052960 017858 002728 040272 050356 024508 050259 059358 040228 056615 059408 063295 
031179 052439 000008 028755 012132 021929 047751 047082 015853 040147 003654 002434 047161 009569 033613 037240 032635 002208 025050 032128 065535 040069 042145 005029 023088 005972 046832 048081 023784 021475 063683 046410 
034082 057318 007211 023709 009184 059732 008117 063816 026713 054410 010918 001937 016882 062392 039256 010628 017722 054013 023902 004143 049368 045174 040655 023064 014081 022602 009670 003733 007182 038555 032837 039153 
017433 049626 038502 040041 015800 037850 006297 062355 015048 036929 056541 062396 000777 025561 058383 057196 013504 059508 041044 007990 064095 044491 013842 044403 013418 012630 065118 027604 054621 034606 050135 032390 
053076 011206 011915 021532 010408 017211 015090 038461 056635 065395 040276 001054 058891 053948 059862 045088 039630 026651 064289 013765 063456 016411 018672 012685 015670 003742 034727 025527 006339 043791 005154 055727 
051565 054813 012206 057773 014785 058837 037254 038673 023030 013483 024939 052392 029495 027120 043562 039430 030629 061358 035370 020346 045522 049278 005629 025844 025375 038719 048294 045543 021731 054370 027732 045110 
