136 212 070 156 088 136 239 138 209 011 225 022 247 021 118 194 208 106 230 068 059 104 246 057 014 141 083 183 092 101 164 152 048 138 224 213 173 254 192 219 017 204 173 031 092 162 235 178 211 236 039 120 153 247 053 076 022 118 055 132 129 097 021 227 
016 034 093 152 101 248 034 169 000 136 135 179 103 063 014 231 239 117 140 046 106 215 060 193 153 254 169 044 019 227 150 178 249 025 101 070 094 172 081 040 092 041 210 203 238 132 115 086 029 160 158 119 051 130 200 180 080 204 106 064 253 100 050 239 
135 196 229 182 154 031 196 231 219 117 187 135 090 171 102 078 116 053 017 055 122 054 158 153 171 080 162 178 071 234 078 036 237 043 249 005 021 201 201 100 164 111 040 215 156 090 219 113 152 168 214 094 195 010 107 107 202 187 038 015 147 254 209 251 
044 242 122 179 240 115 026 048 253 068 122 094 072 007 235 057 218 057 120 027 175 067 033 024 133 197 034 179 190 238 234 148 144 167 046 092 092 161 147 210 167 014 060 208 047 018 118 049 034 168 102 007 029 173 119 012 217 009 195 060 089 119 139 188 
054 003 111 232 250 194 191 228 109 130 249 195 096 016 208 252 222 115 114 004 060 061 106 044 146 009 195 089 055 162 187 240 244 146 191 040 050 172 095 088 175 197 147 131 114 066 168 008 225 133 196 213 130 022 095 128 127 010 018 195 232 000 209 136 
098 196 235 160 186 018 056 059 083 221 130 203 187 239 105 182 085 153 135 228 126 237 082 224 080 148 239 065 086 036 255 213 055 015 148 234 028 116 110 177 171 240 151 116 014 169 182 199 130 037 088 185 082 116 243 055 050 022 127 224 175 097 033 217 
022 062 127 021 009 247 197 009 233 182 121 036 028 158 200 025 002 254 097 062 170 008 082 191 225 126 226 152 004 237 166 042 242 207 159 141 147 010 158 125 020 050 196 246 034 113 023 084 015 148 134 253 196 161 052 035 086 138 169 100 246 053 063 086 
013 198 150 162 100 123 137 009 175 023 043 093 143 193 171 127 050 104 165 193 176 255 044 121 250 018 084 179 070 253 241 144 174 029 176 211 010 190 243 153 154 117 051 169 160 012 172 025 241 174 155 183 082 149 122 189 039 158 185 211 009 188 133 151 
188 040 027 213 227 102 248 145 171 112 066 120 048 129 190 220 005 020 228 190 040 236 234 074 138 252 077 071 193 241 128 177 107 131 059 164 052 026 029 163 058 080 152 133 054 250 170 166 094 088 098 064 048 020 070 132 227 244 006 043 090 169 051 095 
165 201 195 042 109 050 248 140 002 039 170 129 036 095 236 028 073 115 167 090 075 149 000 031 052 050 022 163 046 090 195 007 136 158 010 040 055 068 087 139 119 028 050 075 104 011 149 119 194 090 077 168 002 242 005 062 209 064 197 071 158 125 127 231 
038 134 068 140 181 250 105 176 194 051 083 082 182 184 217 140 230 011 114 131 221 167 200 077 248 229 159 134 158 051 207 058 209 112 157 014 229 189 150 125 250 107 150 096 239 225 218 240 132 152 078 199 192 207 027 233 064 025 113 121 221 127 116 120 
086 229 120 255 067 190 170 106 079 010 190 169 013 073 031 149 061 085 199 127 154 195 169 190 076 052 214 019 185 227 161 121 217 157 088 061 230 017 066 124 022 094 019 026 056 076 242 199 208 176 195 007 254 092 177 072 101 182 162 154 026 027 253 154 
000 251 118 207 191 237 178 134 250 122 207 223 043 033 203 037 201 146 130 153 070 052 108 016 115 065 004 109 093 232 009 099 009 254 046 083 156 109 160 077 172 189 079 230 244 117 101 137 100 127 246 177 015 211 130 225 096 171 015 031 201 035 040 217 
204 095 195 062 221 216 126 015 031 159 110 179 087 214 179 136 204 022 156 026 012 105 156 051 201 203 237 102 047 071 209 032 191 124 169 196 073 152 062 221 238 138 158 053 005 105 123 149 126 253 196 119 087 204 181 160 039 191 063 008 221 040 126 197 
028 219 032 128 225 065 058 213 062 146 120 168 064 252 070 156 070 055 155 194 011 027 088 050 125 142 236 057 225 126 249 229 070 047 044 235 079 138 178 170 048 169 137 090 088 166 109 063 060 221 137 174 245 068 073 101 010 032 043 162 199 031 106 215 
145 052 187 028 052 217 097 017 037 039 157 231 192 033 141 004 201 218 240 231 176 220 039 196 036 085 169 019 054 118 212 066 152 253 218 178 074 162 008 134 227 134 208 067 112 234 162 043 203 251 066 004 056 087 090 001 081 240 012 074 186 111 059 185 
250 009 111 008 096 132 236 127 218 050 003 249 022 245 244 071 242 118 144 053 226 072 100 191 051 181 062 131 132 083 122 029 067 115 040 167 125 108 112 166 008 135 252 217 154 200 148 188 026 202 072 022 202 211 206 021 027 052 185 254 153 104 019 147 
238 045 187 234 150 151 182 204 199 101 144 014 056 001 228 018 087 162 230 134 050 010 037 191 139 234 125 190 201 128 051 174 253 188 219 149 231 240 138 169 227 190 041 114 102 182 176 222 199 040 233 152 068 125 037 205 227 002 145 245 120 212 103 145 
239 206 137 138 140 130 243 122 225 177 162 223 007 200 188 163 171 106 153 097 004 034 126 196 151 204 121 252 180 077 175 065 209 094 030 148 075 143 117 142 053 102 199 136 228 096 244 141 019 019 092 184 145 126 073 201 155 195 200 160 181 073 020 201 
001 088 239 108 245 106 228 005 199 223 186 244 078 003 196 232 217 092 238 092 093 160 091 078 204 174 076 121 054 031 070 208 141 090 128 209 108 098 204 003 232 087 124 251 238 117 046 202 005 027 211 233 150 000 250 067 063 034 123 224 038 173 016 176 
027 155 197 241 134 074 070 212 027 049 020 136 093 230 170 129 247 221 101 117 115 171 238 116 015 231 138 034 074 067 131 244 150 087 076 148 178 056 094 107 044 150 166 018 015 208 189 103 110 055 197 132 040 196 176 000 139 018 169 178 192 018 069 030 
182 013 108 144 242 129 115 213 012 096 243 191 215 197 134 002 009 194 107 033 003 248 221 184 059 007 221 226 112 151 198 095 241 149 022 021 183 137 224 217 187 095 242 095 157 185 091 206 021 232 186 046 026 042 179 220 207 143 188 230 126 063 054 071 
096 185 192 119 243 197 001 000 045 153 252 092 145 058 084 059 149 005 209 100 084 064 170 146 027 122 073 149 180 161 058 037 234 034 061 042 032 117 058 231 011 199 050 210 036 071 092 194 160 044 010 011 148 039 215 131 239 045 210 117 236 003 169 045 
022 017 024 010 168 002 043 066 106 002 019 078 011 025 006 052 200 185 120 034 045 149 120 177 206 165 095 106 126 125 200 056 063 200 053 104 009 216 255 203 147 027 229 089 081 116 197 040 221 099 055 236 231 106 245 163 063 180 068 038 062 147 023 130 
050 084 246 055 058 144 133 116 218 076 112 082 183 026 019 075 192 039 252 225 097 111 100 088 004 036 085 188 167 072 171 181 105 068 085 042 118 249 162 029 037 115 145 202 129 102 121 061 027 106 037 252 047 040 246 213 121 228 030 098 003 114 029 041 
138 117 050 154 208 073 109 140 054 242 037 109 091 076 084 105 255 032 151 028 121 089 252 003 133 116 089 119 187 162 251 158 099 009 211 196 007 208 242 048 206 213 104 105 190 099 163 029 076 198 004 118 071 220 145 146 069 046 091 080 086 205 250 098 
223 128 093 130 194 004 025 241 073 227 144 089 207 039 183 027 102 213 017 002 111 129 225 023 241 206 071 011 187 144 044 122 224 221 219 070 033 176 095 179 032 247 231 071 097 068 116 033 151 107 251 059 188 083 078 247 127 056 009 176 211 041 061 240 
101 063 079 177 051 200 013 090 093 010 052 182 107 201 252 038 090 156 187 020 028 228 019 047 103 160 208 152 225 236 116 247 069 177 186 133 220 180 093 140 107 181 001 101 235 093 108 129 224 156 012 063 091 126 120 109 244 218 145 201 115 252 125 169 
175 003 094 133 060 248 110 034 155 121 143 240 177 028 107 088 046 249 127 026 009 089 125 005 247 118 024 110 104 019 057 104 251 061 205 237 135 006 098 056 079 075 011 186 018 180 245 038 119 032 251 096 245 038 110 190 175 122 229 140 109 033 019 134 
018 081 134 251 082 103 065 128 156 077 007 122 156 161 028 087 169 194 216 219 066 251 177 014 015 106 046 202 027 202 183 226 208 218 169 165 237 046 077 057 186 054 008 178 195 176 162 109 072 156 104 190 130 055 212 213 115 014 046 105 227 181 233 248 
160 150 111 156 151 076 154 090 133 117 198 153 242 087 062 090 244 230 068 072 067 088 010 048 124 051 044 030 228 235 065 184 068 212 082 046 216 116 074 103 078 241 143 071 107 108 009 021 096 243 116 197 214 045 025 197 151 215 225 149 251 031 084 012 
145 058 162 199 188 246 151 123 074 026 141 022 020 094 204 099 210 139 144 078 183 117 254 086 084 054 055 171 016 241 123 069 125 181 077 050 180 011 126 045 143 215 193 072 086 151 224 245 177 092 194 174 063 176 159 251 117 122 127 162 062 135 046 243 
073 010 126 199 210 097 012 034 249 061 049 228 005 029 013 226 114 092 083 221 237 207 171 091 144 024 214 169 227 186 119 022 201 121 190 101 192 060 094 173 232 094 083 119 069 066 096 084 116 225 074 143 200 120 103 081 147 231 032 169 154 186 159 035 
063 198 205 022 212 073 092 051 246 228 068 068 070 219 212 109 137 183 121 238 204 192 158 187 154 038 129 127 010 040 045 170 131 057 215 205 098 148 140 243 199 189 226 193 093 141 105 226 161 117 230 252 076 247 140 170 173 226 099 108 225 042 017 008 
170 100 105 070 020 167 228 007 108 159 022 105 144 221 009 135 123 234 064 182 131 091 236 086 104 140 158 068 063 158 167 233 005 016 239 174 059 144 169 245 219 087 239 020 192 014 242 064 005 017 122 031 058 254 025 088 111 205 163 221 198 066 080 036 
250 090 153 200 190 155 103 157 104 153 116 232 125 199 209 180 170 098 202 250 096 095 074 168 029 139 154 208 077 176 048 233 192 222 177 220 016 095 242 231 127 003 190 015 130 120 181 122 001 213 192 241 128 175 245 048 170 236 203 080 010 046 076 023 
